%YAML:1.0
---
# Ear tracker type: 0 (ET_32)
TrackerType: 0
ImageSize: [ 4096, 4096 ]
# Ear feature points in image space. Invalid points have zero coordinates
Point2f: !!opencv-matrix
   rows: 1
   cols: 32
   dt: "2f"
   data: [ 9.90115967e+02, 1.16445581e+03, 9.03094543e+02,
       1.10910620e+03, 8.26657471e+02, 1.13544055e+03, 7.99364929e+02,
       1.22507178e+03, 8.08956421e+02, 1.32661511e+03, 8.38338562e+02,
       1.41892969e+03, 8.74707703e+02, 1.50537634e+03, 9.18124268e+02,
       1.56608105e+03, 9.81393677e+02, 1588., 1.03284619e+03,
       1.54321118e+03, 1.00260242e+03, 1.44803955e+03, 9.61292236e+02,
       1.42742834e+03, 8.97751038e+02, 1.38936035e+03, 9.24386475e+02,
       1.31286169e+03, 9.56566101e+02, 1.28984363e+03, 9.93030640e+02,
       1.31204272e+03, 3.20010791e+03, 1.19466382e+03, 3.24258667e+03,
       1.15893164e+03, 3.28907056e+03, 1.15829797e+03, 3.33406738e+03,
       1.20105859e+03, 3.35718628e+03, 1.26560791e+03, 3.35708105e+03,
       1.32859912e+03, 3.34659033e+03, 1.39573511e+03, 3.32632788e+03,
       1.45250061e+03, 3.27792212e+03, 1.49547339e+03, 3.23375000e+03,
       1.45274573e+03, 3.23347583e+03, 1.40645752e+03, 3.26032373e+03,
       1.38702710e+03, 3.29195996e+03, 1.35582202e+03, 3.26312476e+03,
       1.31241943e+03, 3.23470410e+03, 1.29602869e+03, 3.22589990e+03,
       1.31320764e+03 ]
# Ear feature points in 3d object space. Invalid points have zero coordinates
Point3f: !!opencv-matrix
   rows: 1
   cols: 32
   dt: "3f"
   data: [ -1.00094635e+02, 3.58530006e+01, -8.44280899e-01,
       -9.83046875e+01, 4.47088470e+01, -1.30931625e+01, -1.04234596e+02,
       4.29825287e+01, -2.75212784e+01, -1.06677353e+02, 3.19526176e+01,
       -3.46512794e+01, -1.11051292e+02, 1.86330395e+01, -3.60197334e+01,
       -1.16106636e+02, 6.06216383e+00, -3.35022545e+01, -1.15016556e+02,
       -6.12478352e+00, -2.77638245e+01, -1.14355049e+02,
       -1.50520239e+01, -2.07264385e+01, -1.13736649e+02,
       -1.92965317e+01, -9.86933708e+00, -1.14329475e+02,
       -1.45320663e+01, -2.21116677e-01, -1.10400505e+02,
       -1.44768620e+00, -3.83000779e+00, -1.08028275e+02, 2.07790351e+00,
       -1.02468204e+01, -1.10043625e+02, 8.41907120e+00, -2.07102547e+01,
       -1.04695702e+02, 1.77639885e+01, -1.40636778e+01, -1.02976593e+02,
       2.01138115e+01, -8.30090714e+00, -1.06020248e+02, 1.65204391e+01,
       -3.04983830e+00, 1.10207214e+02, 3.39394531e+01, -1.79380627e+01,
       1.10379967e+02, 3.95439110e+01, -2.49283428e+01, 1.10044159e+02,
       4.06625137e+01, -3.33529816e+01, 1.09448639e+02, 3.60997772e+01,
       -4.24501610e+01, 1.09333237e+02, 2.82140293e+01, -4.80542336e+01,
       1.09223724e+02, 1.99625721e+01, -4.89941330e+01, 1.09438065e+02,
       1.09302139e+01, -4.80579262e+01, 1.10261581e+02, 3.05245399e+00,
       -4.53065262e+01, 1.14167343e+02, -3.54907537e+00, -3.80285835e+01,
       1.11662361e+02, 9.42252874e-01, -2.83854904e+01, 1.12149300e+02,
       7.00811958e+00, -2.77144356e+01, 1.12314728e+02, 1.01621914e+01,
       -3.23827324e+01, 1.10865189e+02, 1.49175987e+01, -3.73552856e+01,
       1.11988373e+02, 1.99769287e+01, -3.16082230e+01, 1.12512329e+02,
       2.14967976e+01, -2.62553005e+01, 1.12374084e+02, 1.90482616e+01,
       -2.48975143e+01 ]
