%YAML:1.0
---
# Face tracker type: 0(Unknown) 1(ASM)
TrackerType: 1
ImageSize: [ 4096, 4096 ]
# Face feature points in image space. Invalid points have zero coordinates
Point2f: !!opencv-matrix
   rows: 1
   cols: 77
   dt: "2f"
   data: [ 1.53173340e+03, 1.13713550e+03, 1.51040002e+03,
       1.28880872e+03, 1.51466675e+03, 1.43449475e+03, 1.51893347e+03,
       1.57618945e+03, 1.64266675e+03, 1.78972913e+03, 1.87946680e+03,
       1.90933337e+03, 2.04373340e+03, 1.91146680e+03, 2208.,
       1.90933337e+03, 2.44480005e+03, 1.78972913e+03, 2.56853345e+03,
       1.57618945e+03, 2.57280005e+03, 1.43449475e+03, 2.57706689e+03,
       1.28880872e+03, 2.55573340e+03, 1.13713550e+03, 2.26133350e+03,
       7.16043091e+02, 2.04373340e+03, 6.74133362e+02, 1.82613342e+03,
       7.16043091e+02, 1.87306677e+03, 9.72800049e+02, 1.77493347e+03,
       9.89866699e+02, 1.69813342e+03, 1.07520007e+03, 1.77920007e+03,
       1.03680005e+03, 1.86880005e+03, 1.03253345e+03, 1.97120007e+03,
       1.03253345e+03, 2.19733350e+03, 1.01973340e+03, 2.30826685e+03,
       9.64266724e+02, 2.43200024e+03, 9.81333374e+02, 2.52586670e+03,
       1.07093335e+03, 2.41920020e+03, 1.02826672e+03, 2.31253345e+03,
       1.01973340e+03, 2.32533350e+03, 1.07946667e+03, 1.88586682e+03,
       1.07946667e+03, 1.96693347e+03, 1.16906677e+03, 1.92426672e+03,
       1.13493335e+03, 1.88160010e+03, 1.11786670e+03, 1.84320007e+03,
       1.13066675e+03, 1.80053345e+03, 1.16906677e+03, 1.83893347e+03,
       1.19040002e+03, 1.88160010e+03, 1.19893335e+03, 1.92426672e+03,
       1.19466675e+03, 1.88266675e+03, 1.16320007e+03, 2.32480005e+03,
       1.15946667e+03, 2.23573340e+03, 1.16480005e+03, 2.28266675e+03,
       1.12640002e+03, 2.32533350e+03, 1.11360010e+03, 2.37226685e+03,
       1.13066675e+03, 2.41066675e+03, 1.16906677e+03, 2.36800024e+03,
       1.19040002e+03, 2.32533350e+03, 1.19466675e+03, 2.27840015e+03,
       1.18613342e+03, 2.11701660e+03, 1.29417566e+03, 2.06084253e+03,
       1.26838855e+03, 1.99985962e+03, 1.30152161e+03, 1.99966772e+03,
       1.40539929e+03, 2.05192725e+03, 1.34283032e+03, 2.11370459e+03,
       1.43046436e+03, 2.16990039e+03, 1.39391663e+03, 2.14726123e+03,
       1.45710217e+03, 2.05263989e+03, 1.42976501e+03, 1.96301038e+03,
       1.46277881e+03, 1.94431799e+03, 1.39821179e+03, 1.87107166e+03,
       1.62725928e+03, 1.95274902e+03, 1.59581799e+03, 2.01167102e+03,
       1.57326660e+03, 2.05097217e+03, 1.57707959e+03, 2.08622461e+03,
       1.57041333e+03, 2.15228271e+03, 1.58943811e+03, 2.23963672e+03,
       1.61874719e+03, 2.12706348e+03, 1.60663721e+03, 2.04918433e+03,
       1.60583850e+03, 1.97316260e+03, 1.61633948e+03, 1.97137268e+03,
       1.63187427e+03, 2.04771375e+03, 1.62966882e+03, 2.12627661e+03,
       1.61819714e+03, 2.17789795e+03, 1.66388586e+03, 2.11398584e+03,
       1.67382861e+03, 2.04654968e+03, 1.68288354e+03, 1.97986938e+03,
       1.68416260e+03, 1.91755493e+03, 1.68197363e+03 ]
# Face feature points in 3d object space. Invalid points have zero coordinates
Point3f: !!opencv-matrix
   rows: 1
   cols: 91
   dt: "3f"
   data: [ -6.63465042e+01, 3.08128910e+01, 6.97587967e+01,
       -6.81377869e+01, 1.12703571e+01, 6.48427658e+01, -6.96874084e+01,
       -8.07142448e+00, 6.47685318e+01, -6.46380997e+01, -2.61336727e+01,
       5.85911369e+01, -4.83514595e+01, -5.48237190e+01, 6.12496300e+01,
       -2.37223663e+01, -7.31837082e+01, 8.13942261e+01, -6.64835274e-01,
       -7.49096451e+01, 9.31429138e+01, 2.35302010e+01, -7.36993942e+01,
       8.55941238e+01, 5.14208908e+01, -5.55920181e+01, 6.75069351e+01,
       6.92735596e+01, -2.68824425e+01, 6.46893539e+01, 7.14293823e+01,
       -8.48683357e+00, 6.81517334e+01, 6.85696640e+01, 1.10163565e+01,
       6.69114380e+01, 6.44299698e+01, 3.08378391e+01, 6.95555649e+01,
       2.22201271e+01, 8.64236450e+01, 7.65613785e+01, -5.14877081e-01,
       9.25958862e+01, 9.06264038e+01, -2.63913746e+01, 8.62581024e+01,
       8.56778564e+01, -2.48113556e+01, 4.93007889e+01, 9.69618759e+01,
       -3.90548363e+01, 4.73737373e+01, 9.41941681e+01, -5.03623505e+01,
       3.65813675e+01, 8.97788849e+01, -3.88165131e+01, 4.11076355e+01,
       9.44557877e+01, -2.58112698e+01, 4.13274002e+01, 9.72815475e+01,
       -9.55694866e+00, 4.26403503e+01, 8.65883713e+01, 1.92311211e+01,
       4.41042976e+01, 8.85123520e+01, 3.31424675e+01, 5.18403740e+01,
       8.55098724e+01, 4.87346497e+01, 5.02918320e+01, 7.96592941e+01,
       6.14261894e+01, 3.91421013e+01, 7.35390701e+01, 4.89160500e+01,
       4.37266121e+01, 8.23571777e+01, 3.44729805e+01, 4.43772354e+01,
       8.62894440e+01, 3.54969635e+01, 3.67918396e+01, 8.34491959e+01,
       -2.19150085e+01, 3.58233147e+01, 9.13372116e+01, -9.29016685e+00,
       2.55575066e+01, 7.80178375e+01, -1.39085274e+01, 3.02586403e+01,
       7.66550369e+01, -1.95857544e+01, 3.21676254e+01, 7.95700150e+01,
       -2.97984905e+01, 2.84631100e+01, 9.58939438e+01, -3.59959297e+01,
       2.36194229e+01, 9.38022385e+01, -2.45883160e+01, 2.28023682e+01,
       7.73787537e+01, -1.88611088e+01, 2.18982239e+01, 7.55112381e+01,
       -1.38858891e+01, 2.24566879e+01, 7.55783691e+01, -1.84542694e+01,
       2.67059460e+01, 7.50109558e+01, 3.41451492e+01, 2.68934040e+01,
       8.03448410e+01, 2.18157063e+01, 2.64237728e+01, 7.84001770e+01,
       2.84970284e+01, 3.09708042e+01, 8.00861206e+01, 3.50058403e+01,
       3.24574699e+01, 8.18249512e+01, 4.17371063e+01, 3.02716866e+01,
       8.11642990e+01, 4.65069351e+01, 2.55005169e+01, 7.84819641e+01,
       4.03563042e+01, 2.26222210e+01, 7.88459320e+01, 3.41350288e+01,
       2.20838528e+01, 7.86148682e+01, 2.72082920e+01, 2.33937931e+01,
       7.71774826e+01, 1.04161463e+01, 6.29872704e+00, 9.95275955e+01,
       2.05716634e+00, 8.89410973e+00, 1.06285896e+02, -7.26209497e+00,
       5.31998301e+00, 9.95521393e+01, -8.18505478e+00, -9.73942375e+00,
       1.09828133e+02, 6.81039512e-01, -1.89957511e+00, 1.13663681e+02,
       1.03647604e+01, -1.20797358e+01, 1.01773697e+02, 1.76442451e+01,
       -6.17229414e+00, 9.31979675e+01, 1.45731344e+01, -1.46490746e+01,
       9.38828735e+01, 8.07821691e-01, -1.33299932e+01, 1.12712753e+02,
       -1.23971224e+01, -1.53409767e+01, 9.33771515e+01, -1.46894264e+01,
       -6.53006458e+00, 9.14653397e+01, -2.49238625e+01, -3.62563934e+01,
       8.57877655e+01, -1.41065941e+01, -3.29088516e+01, 9.25367584e+01,
       -5.52758884e+00, -3.03513756e+01, 9.61033859e+01, 4.57239896e-01,
       -3.09969196e+01, 9.72361603e+01, 5.85905027e+00, -3.00660191e+01,
       9.68660812e+01, 1.56482811e+01, -3.22115135e+01, 9.37589951e+01,
       2.77321033e+01, -3.53908539e+01, 8.79467163e+01, 1.20137949e+01,
       -3.46552162e+01, 9.50556946e+01, 1.83188960e-01, -3.48260422e+01,
       9.73109360e+01, -1.12427988e+01, -3.57947960e+01, 9.38411560e+01,
       -1.14764709e+01, -3.77886620e+01, 9.32747116e+01, -4.40689400e-02,
       -3.78894958e+01, 9.64815750e+01, 1.19163523e+01, -3.61914062e+01,
       9.50616684e+01, 1.91828423e+01, -4.17103157e+01, 9.05844345e+01,
       1.00846109e+01, -4.35350113e+01, 9.46893921e+01, -2.23134458e-01,
       -4.48430405e+01, 9.55469437e+01, -1.02182302e+01, -4.46589050e+01,
       9.26637192e+01, -1.84893570e+01, -4.36105957e+01, 8.64938431e+01,
       -8.27935104e+01, 6.62364273e+01, 2.83476677e+01, -5.99214859e+01,
       8.10019760e+01, 6.44214325e+01, 5.94254074e+01, 8.07102280e+01,
       6.19565086e+01, 9.79696503e+01, 6.40723038e+01, 2.66085777e+01,
       -1.09351379e+02, -4.80979385e+01, 1.96736107e+01, -8.86457825e+01,
       -7.23564758e+01, 6.23841858e+01, -5.28833694e+01, -8.82517471e+01,
       9.89251175e+01, -8.00576925e-01, -9.36280746e+01, 1.11739891e+02,
       4.19309921e+01, -8.33928909e+01, 6.72738037e+01, 6.35476952e+01,
       -6.48262177e+01, 3.27389984e+01, 1.03978271e+02, -3.71505699e+01,
