%YAML:1.0
---
# Ear tracker type: 0 (ET_32)
TrackerType: 0
ImageSize: [ 4096, 4096 ]
# Ear feature points in image space. Invalid points have zero coordinates
Point2f: !!opencv-matrix
   rows: 1
   cols: 32
   dt: "2f"
   data: [ 1.05349646e+03, 1.26873438e+03, 9.62236450e+02,
       1.22136487e+03, 8.80102905e+02, 1.25746814e+03, 8.52714355e+02,
       1.34072021e+03, 8.68040588e+02, 1.42751086e+03, 9.02432495e+02,
       1.50654590e+03, 9.44232666e+02, 1.57072107e+03, 9.97161987e+02,
       1.61812720e+03, 1.05362952e+03, 1.64985181e+03, 1.12510339e+03,
       1.61766089e+03, 1.09259546e+03, 1.52803650e+03, 1.03896362e+03,
       1.50289868e+03, 9.62251831e+02, 1.46307324e+03, 9.82766357e+02,
       1.38717322e+03, 1.02450232e+03, 1.35729761e+03, 1.07028564e+03,
       1.41642358e+03, 3.01085327e+03, 1.17318250e+03, 3.09887256e+03,
       1.13053845e+03, 3.17729663e+03, 1.16741614e+03, 3.20226099e+03,
       1.25061365e+03, 3.18480273e+03, 1.33818140e+03, 3.14890161e+03,
       1.42014319e+03, 3.10296045e+03, 1.49064771e+03, 3.04267139e+03,
       1.55183691e+03, 2.98115186e+03, 1.58908838e+03, 2.89722339e+03,
       1.56508313e+03, 2.93748608e+03, 1.45861304e+03, 2.99599414e+03,
       1.42869861e+03, 3.08445850e+03, 1.39637256e+03, 3.07794922e+03,
       1.30797644e+03, 3.02569434e+03, 1.27591284e+03, 2.97860303e+03,
       1.34191431e+03 ]
# Ear feature points in 3d object space. Invalid points have zero coordinates
Point3f: !!opencv-matrix
   rows: 1
   cols: 32
   dt: "3f"
   data: [ -7.92687912e+01, 2.11357975e+01, 6.21122217e+00,
       -8.66396790e+01, 2.87750416e+01, -4.76193190e+00, -8.81090240e+01,
       2.54569035e+01, -1.67936916e+01, -8.84176254e+01, 1.50518551e+01,
       -2.21118965e+01, -8.87093658e+01, 3.43369055e+00, -2.13779964e+01,
       -8.79286423e+01, -7.52339983e+00, -1.76382236e+01,
       -8.29650116e+01, -1.66993465e+01, -1.23297520e+01,
       -7.59655762e+01, -2.37646313e+01, -6.07061481e+00,
       -6.72504807e+01, -2.86700191e+01, -4.38557595e-01,
       -6.61958313e+01, -2.53462543e+01, 7.31505299e+00, -7.03089600e+01,
       -1.32622728e+01, 5.85299540e+00, -6.98915863e+01, -9.26350689e+00,
       4.79212195e-01, -8.01690140e+01, -2.92844987e+00, -8.03321075e+00,
       -7.99098816e+01, 6.69190359e+00, -4.27753067e+00, -7.64999771e+01,
       9.97722626e+00, 1.28444755e+00, -7.18983917e+01, 1.62441599e+00,
       5.35133839e+00, 7.86626892e+01, 3.31746254e+01, 1.15289946e+01,
       8.56371918e+01, 4.00870514e+01, 1.36339605e+00, 8.69828568e+01,
       3.65583038e+01, -9.79083633e+00, 8.76701889e+01, 2.61081448e+01,
       -1.46826582e+01, 9.02222290e+01, 1.44076548e+01, -1.41188793e+01,
       9.08541565e+01, 3.07310939e+00, -1.04711723e+01, 8.79307327e+01,
       -6.95555401e+00, -5.06461477e+00, 7.78811188e+01, -1.58989916e+01,
       1.58038116e+00, 7.16980972e+01, -2.15718060e+01, 7.48381901e+00,
       6.99581451e+01, -1.95471630e+01, 1.69629974e+01, 7.23910828e+01,
       -5.11971712e+00, 1.46381226e+01, 7.37459106e+01, -4.11253095e-01,
       8.65168571e+00, 8.33147812e+01, 5.06540585e+00, -9.82449949e-01,
       8.09266281e+01, 1.65282593e+01, 1.28530979e+00, 7.58781738e+01,
       1.99759140e+01, 7.89213848e+00, 7.26182938e+01, 1.07207003e+01,
       1.18707399e+01 ]
