%YAML:1.0
---
# Face tracker type: 0(Unknown) 1(ASM)
TrackerType: 1
ImageSize: [ 4096, 4096 ]
# Face feature points in image space. Invalid points have zero coordinates
Point2f: !!opencv-matrix
   rows: 1
   cols: 77
   dt: "2f"
   data: [ 1.48693347e+03, 1.17859741e+03, 1.49120007e+03,
       1.35875330e+03, 1.50613342e+03, 1.51135596e+03, 1.54240002e+03,
       1.66607800e+03, 1.67253345e+03, 1.86742871e+03, 1.87733337e+03,
       1.99680005e+03, 2.03520007e+03, 1.98400012e+03, 2.19306689e+03,
       1.99680005e+03, 2.39786670e+03, 1.86742871e+03, 2.52800024e+03,
       1.66607800e+03, 2.56426685e+03, 1.51135596e+03, 2.57920020e+03,
       1.35875330e+03, 2.58346680e+03, 1.17859741e+03, 2.25920020e+03,
       7.22909180e+02, 2.03520007e+03, 6.78400024e+02, 1.81120007e+03,
       7.22909180e+02, 1.84320007e+03, 1024., 1.75360010e+03,
       1.02826672e+03, 1.67253345e+03, 1088., 1.75786670e+03,
       1.07520007e+03, 1.84320007e+03, 1.07093335e+03, 1.93280005e+03,
       1.07520007e+03, 2.13333350e+03, 1.06666675e+03, 2.22720020e+03,
       1.01973340e+03, 2.32533350e+03, 1024., 2.41920020e+03,
       1.07946667e+03, 2.32106689e+03, 1.07093335e+03, 2.23146680e+03,
       1.06666675e+03, 2.26560010e+03, 1.11360010e+03, 1.81333337e+03,
       1.11786670e+03, 1.89866675e+03, 1.18613342e+03, 1.85600012e+03,
       1.15626672e+03, 1.81333337e+03, 1.14346667e+03, 1.77493347e+03,
       1.15626672e+03, 1.73653345e+03, 1.19040002e+03, 1.77493347e+03,
       1.20320007e+03, 1.81760010e+03, 1.21173340e+03, 1.85600012e+03,
       1.20320007e+03, 1.81600012e+03, 1.18133337e+03, 2.26293335e+03,
       1.17920007e+03, 2.18026685e+03, 1.18613342e+03, 2.22293335e+03,
       1152., 2.26560010e+03, 1.13920007e+03, 2304., 1.15626672e+03,
       2.34666675e+03, 1.18186670e+03, 2304., 1.20320007e+03,
       2.26133350e+03, 1.21173340e+03, 2.21866675e+03, 1.20320007e+03,
       2.09610425e+03, 1.31124548e+03, 2.04090503e+03, 1.29965979e+03,
       1.98976440e+03, 1.31336487e+03, 1.98611169e+03, 1.44559985e+03,
       2.04216064e+03, 1.38018506e+03, 2.10352979e+03, 1.45168140e+03,
       2.16416846e+03, 1.43385449e+03, 2.13048779e+03, 1.47323279e+03,
       2.04350342e+03, 1.48493018e+03, 1.95733179e+03, 1.47141882e+03,
       1.92194055e+03, 1.43422681e+03, 1.89512927e+03, 1.66026562e+03,
       1.96402429e+03, 1.60750305e+03, 2.01458398e+03, 1.59031653e+03,
       2.04379382e+03, 1.59531702e+03, 2.07456421e+03, 1.58912439e+03,
       2.12162476e+03, 1.60588879e+03, 2.18661475e+03, 1.65870447e+03,
       2.10095288e+03, 1.63588330e+03, 2.04307715e+03, 1.63235388e+03,
       1.98548022e+03, 1.63624170e+03, 1.98331079e+03, 1.64043506e+03,
       2.04158154e+03, 1.64284705e+03, 2.09936157e+03, 1.63951929e+03,
       2.14149219e+03, 1.69068750e+03, 2.09198096e+03, 1.69583960e+03,
       2.04160144e+03, 1.69809827e+03, 1.99024829e+03, 1.69914514e+03,
       1.93911890e+03, 1.69497278e+03 ]
# Face feature points in 3d object space. Invalid points have zero coordinates
Point3f: !!opencv-matrix
   rows: 1
   cols: 77
   dt: "3f"
   data: [ -5.94033775e+01, 2.71437550e+01, 5.47888184e+01,
       -6.16615753e+01, 3.24714088e+00, 5.45219421e+01, -5.98682480e+01,
       -1.68310509e+01, 5.29629478e+01, -5.50792923e+01, -3.72660904e+01,
       5.20176620e+01, -4.20788002e+01, -6.46644974e+01, 5.73425102e+01,
       -2.18960915e+01, -8.36553879e+01, 7.20594254e+01, -1.90562689e+00,
       -8.38479996e+01, 8.74748154e+01, 2.10611935e+01, -8.50397720e+01,
       8.33343277e+01, 7.91839600e+01, -7.29882431e+01, 1.25133980e+02,
       8.03923569e+01, -4.12302208e+01, 8.43029175e+01, 5.90371628e+01,
       -1.72758713e+01, 5.65857201e+01, 6.12804413e+01, 2.75318623e+00,
       5.85448799e+01, 5.89484673e+01, 2.66833572e+01, 5.85384521e+01,
       2.37767200e+01, 8.55403900e+01, 8.18390198e+01, -1.53470111e+00,
       9.22018433e+01, 9.00603104e+01, -3.46259499e+01, 8.61236649e+01,
       1.02352402e+02, -2.84079170e+01, 4.29423790e+01, 9.33598938e+01,
       -3.96172142e+01, 4.30849915e+01, 8.75827179e+01, -4.89249077e+01,
       3.60415192e+01, 8.03289108e+01, -3.92970543e+01, 3.68572273e+01,
       8.75322113e+01, -2.79227562e+01, 3.69829674e+01, 9.11237717e+01,
       -1.59939442e+01, 3.59827957e+01, 9.46538467e+01, 1.19275017e+01,
       3.69732628e+01, 9.58183517e+01, 2.50159874e+01, 4.33459969e+01,
       9.46882095e+01, 3.78370132e+01, 4.34204292e+01, 8.94664536e+01,
       4.81343002e+01, 3.71757584e+01, 8.03224335e+01, 3.69927292e+01,
       3.73303604e+01, 8.82944946e+01, 2.50321522e+01, 3.74624634e+01,
       9.18341446e+01, 2.86381531e+01, 3.18083839e+01, 8.71112671e+01,
       -3.08007469e+01, 3.13414803e+01, 8.62984467e+01, -1.82705402e+01,
       2.28323460e+01, 8.17500687e+01, -2.45116215e+01, 2.64424324e+01,
       8.46575928e+01, -3.05471249e+01, 2.80737610e+01, 8.52182999e+01,
       -3.54064064e+01, 2.65984116e+01, 8.33872147e+01, -3.91438103e+01,
       2.26105747e+01, 7.89407578e+01, -3.44139709e+01, 2.07286701e+01,
       8.04207306e+01, -2.87069340e+01, 1.95488815e+01, 8.07982712e+01,
       -2.36204491e+01, 2.06590633e+01, 8.09876175e+01, -2.94204578e+01,
       2.33640862e+01, 8.26120377e+01, 2.70849953e+01, 2.36948414e+01,
       8.37241821e+01, 1.62346096e+01, 2.28101387e+01, 8.34291916e+01,
       2.22448616e+01, 2.69893723e+01, 8.48187103e+01, 2.82220631e+01,
       2.86047745e+01, 8.55090103e+01, 3.30408859e+01, 2.65687218e+01,
       8.36290207e+01, 3.78643341e+01, 2.35828419e+01, 8.02534943e+01,
       3.24247665e+01, 2.06086006e+01, 8.13985977e+01, 2.67052231e+01,
       1.94443970e+01, 8.16492081e+01, 2.08970490e+01, 2.06441212e+01,
       8.11093063e+01, 7.58105135e+00, 3.51277065e+00, 1.03751610e+02,
       -1.18279266e+00, 4.28253984e+00, 1.10015511e+02, -9.28355122e+00,
       3.10200453e+00, 1.04804306e+02, -1.05239067e+01, -1.50392313e+01,
       1.09503487e+02, -1.06833589e+00, -7.54525089e+00, 1.19234436e+02,
       9.02089405e+00, -1.52409658e+01, 1.04567581e+02, 1.76177292e+01,
       -1.19540758e+01, 9.70829163e+01, 1.28973589e+01, -1.75415554e+01,
       9.99904633e+01, -7.56535947e-01, -2.00830364e+01, 1.08035164e+02,
       -1.43113279e+01, -1.74078121e+01, 1.00863510e+02, -1.89729424e+01,
       -1.18899231e+01, 9.61575699e+01, -2.24945202e+01, -4.11351967e+01,
       8.98167267e+01, -1.32083673e+01, -3.51825562e+01, 9.84139709e+01,
       -5.37989330e+00, -3.32863426e+01, 1.01562523e+02, -6.79015160e-01,
       -3.39864655e+01, 1.01855118e+02, 4.28519773e+00, -3.31596642e+01,
       1.01820473e+02, 1.17421083e+01, -3.51612244e+01, 9.99864426e+01,
       2.07129726e+01, -4.11477356e+01, 9.16077118e+01, 8.50259590e+00,
       -3.91980133e+01, 1.00415932e+02, -7.98882663e-01, -3.88997879e+01,
       1.01805145e+02, -9.92427731e+00, -3.90888176e+01, 9.91389694e+01,
       -1.02526722e+01, -3.96152496e+01, 9.88901062e+01, -1.03921199e+00,
       -4.02433395e+01, 1.01396255e+02, 8.23345566e+00, -3.96544113e+01,
       1.00199684e+02, 1.42724009e+01, -4.56856651e+01, 9.39675446e+01,
       6.93361425e+00, -4.68206520e+01, 9.76378098e+01, -1.01498127e+00,
       -4.72123718e+01, 9.83846130e+01, -8.95712471e+00, -4.70371246e+01,
       9.58248749e+01, -1.62156429e+01, -4.59232025e+01, 9.12663116e+01 ]
# Extended face landmarks:
ExtPoint2f: !!opencv-matrix
   rows: 1
   cols: 14
   dt: "2f"
   data: [ 1.22000684e+03, 9.70210815e+02, 1.51560352e+03,
       7.84734619e+02, 2.55573364e+03, 7.71727539e+02, 2.85226733e+03,
       9.18182251e+02, 1.22022925e+03, 1.83980054e+03, 1.49188623e+03,
       1.99244482e+03, 1.76354333e+03, 2.08403125e+03, 2.03520020e+03,
       2.11456030e+03, 2.30149170e+03, 2.08005420e+03, 2.56778320e+03,
       1.97653552e+03, 2.83407471e+03, 1.80400476e+03, 1.98997351e+03,
       1.21600012e+03, 2048., 1.21600012e+03, 2.10090698e+03,
       1.21600012e+03 ]
