%YAML:1.0
---
# Ear tracker type: 0 (ET_32)
TrackerType: 0
ImageSize: [ 4096, 4096 ]
# Ear feature points in image space. Invalid points have zero coordinates
Point2f: !!opencv-matrix
   rows: 1
   cols: 32
   dt: "2f"
   data: [ 9.97396362e+02, 1.14238330e+03, 9.13990723e+02,
       1.08996570e+03, 8.30917908e+02, 1.10942993e+03, 7.96020325e+02,
       1.19965442e+03, 8.02648499e+02, 1.30017664e+03, 8.25608765e+02,
       1.40217859e+03, 8.62827026e+02, 1.50123181e+03, 9.17863281e+02,
       1.57629761e+03, 9.78989258e+02, 1.62497900e+03, 1.06979517e+03,
       1.62658374e+03, 1.02205286e+03, 1.46144189e+03, 9.69440674e+02,
       1.42890686e+03, 8.97708801e+02, 1.37979407e+03, 9.25481079e+02,
       1.29715247e+03, 9.72402954e+02, 1.26593164e+03, 1.01578442e+03,
       1.33042969e+03, 3.06976172e+03, 1.15208069e+03, 3.16411572e+03,
       1.09944141e+03, 3.25497583e+03, 1.13146021e+03, 3.28096973e+03,
       1.23161499e+03, 3.25905591e+03, 1.33619250e+03, 3.21905249e+03,
       1.43033142e+03, 3.17221729e+03, 1.50907971e+03, 3.11834741e+03,
       1.57258911e+03, 3.05593359e+03, 1.61677209e+03, 2.97387866e+03,
       1.58389746e+03, 3.02420996e+03, 1.46361853e+03, 3.07723047e+03,
       1.42650806e+03, 3.15676416e+03, 1.37417627e+03, 3.13286377e+03,
       1.28709717e+03, 3.08771533e+03, 1.25529602e+03, 3.04578198e+03,
       1.33242212e+03 ]
# Ear feature points in 3d object space. Invalid points have zero coordinates
Point3f: !!opencv-matrix
   rows: 1
   cols: 32
   dt: "3f"
   data: [ -8.12223206e+01, 3.85108223e+01, 1.38715374e+00,
       -8.02437134e+01, 4.66317863e+01, -8.04834938e+00, -8.07632370e+01,
       4.54222717e+01, -1.92536907e+01, -8.57829971e+01, 3.44253044e+01,
       -2.72937260e+01, -8.68792648e+01, 2.11988392e+01, -2.83158875e+01,
       -8.57880325e+01, 7.39532518e+00, -2.62390614e+01, -8.20857010e+01,
       -6.32489681e+00, -2.16506176e+01, -7.92282028e+01,
       -1.70863857e+01, -1.52101688e+01, -6.73192139e+01,
       -2.44752064e+01, -7.69565058e+00, -6.61165237e+01,
       -2.58195171e+01, 1.51697052e+00, -7.06896820e+01, -3.61747289e+00,
       -6.56909049e-01, -7.10504379e+01, 1.34049082e+00, -5.84051323e+00,
       -7.68450775e+01, 8.87800503e+00, -1.40992594e+01, -7.18417206e+01,
       1.91879215e+01, -8.66674995e+00, -7.37483978e+01, 2.26528034e+01,
       -3.11183572e+00, -7.10643616e+01, 1.36093197e+01, 7.68661857e-01,
       9.09294662e+01, 3.67996635e+01, 4.83299160e+00, 9.34690399e+01,
       4.53461227e+01, -7.82814074e+00, 9.27332687e+01, 4.27940712e+01,
       -2.16806068e+01, 9.35963440e+01, 3.02174358e+01, -2.75977001e+01,
       9.31971359e+01, 1.60976162e+01, -2.57309284e+01, 9.22813263e+01,
       3.00852418e+00, -2.09665203e+01, 9.07470169e+01, -8.16308022e+00,
       -1.51695299e+01, 8.80470047e+01, -1.74230099e+01, -8.45671177e+00,
       7.89660110e+01, -2.42058983e+01, -1.01092267e+00, 7.60206680e+01,
       -2.10720043e+01, 9.02882671e+00, 8.00843201e+01, -4.64478636e+00,
       5.35531282e+00, 8.33373184e+01, 1.00948930e+00, -5.49723506e-01,
       9.61415100e+01, 9.30790710e+00, -1.15233974e+01, 8.91002502e+01,
       2.01871376e+01, -5.92701340e+00, 8.50552826e+01, 2.35815945e+01,
       8.29235256e-01, 8.00352325e+01, 1.28469620e+01, 4.82218218e+00 ]
