%YAML:1.0
---
# Face tracker type: 0(Unknown) 1(ASM)
TrackerType: 1
ImageSize: [ 4096, 4096 ]
# Face feature points in image space. Invalid points have zero coordinates
Point2f: !!opencv-matrix
   rows: 1
   cols: 77
   dt: "2f"
   data: [ 1.50229346e+03, 1.16748291e+03, 1.50656006e+03,
       1.35237170e+03, 1.52789343e+03, 1.50994751e+03, 1.57056006e+03,
       1.68223047e+03, 1.69856006e+03, 1.89023047e+03, 1.88202673e+03,
       2.04160010e+03, 2.03776013e+03, 2.03520007e+03, 2.19349341e+03,
       2.04160010e+03, 2.37695996e+03, 1.89023047e+03, 2.50495996e+03,
       1.68223047e+03, 2.54762671e+03, 1.50994751e+03, 2.56895996e+03,
       1.35237170e+03, 2.57322681e+03, 1.16748291e+03, 2.27669336e+03,
       6.94755554e+02, 2.03776013e+03, 6.48533386e+02, 1.79882690e+03,
       6.94755554e+02, 1.84320007e+03, 1.01973340e+03, 1.75360010e+03,
       1.01546674e+03, 1.67680005e+03, 1.07093335e+03, 1.75786670e+03,
       1.07093335e+03, 1.83893347e+03, 1.07520007e+03, 1.92853345e+03,
       1.07946667e+03, 2.12906689e+03, 1.07093335e+03, 2.22720020e+03,
       1.01973340e+03, 2.33813354e+03, 1.01546674e+03, 2.44053345e+03,
       1.06666675e+03, 2.33386670e+03, 1.06240002e+03, 2.23573340e+03,
       1.06666675e+03, 2.27840015e+03, 1.10933337e+03, 1.80053345e+03,
       1.11786670e+03, 1.89440015e+03, 1.18613342e+03, 1.84746680e+03,
       1.15626672e+03, 1.80053345e+03, 1.14346667e+03, 1.76213342e+03,
       1.15626672e+03, 1.72800012e+03, 1.19040002e+03, 1.76640015e+03,
       1.20746667e+03, 1.80906677e+03, 1.22026672e+03, 1.85173340e+03,
       1.20746667e+03, 1.80746680e+03, 1.18346667e+03, 2280.,
       1.17760010e+03, 2.18880005e+03, 1.18613342e+03, 2.23573340e+03,
       1.14773340e+03, 2.27840015e+03, 1.13493335e+03, 2.32533350e+03,
       1.14773340e+03, 2.37226685e+03, 1.17760010e+03, 2.32533350e+03,
       1.20320007e+03, 2.27840015e+03, 1.21600012e+03, 2.23573340e+03,
       1.20746667e+03, 2.08663062e+03, 1.33784045e+03, 2.03888318e+03,
       1.33683997e+03, 1.98568762e+03, 1.32444775e+03, 1.99051636e+03,
       1.47013123e+03, 2.03370752e+03, 1.41690881e+03, 2.07972778e+03,
       1.47288635e+03, 2.16479053e+03, 1.45418799e+03, 2.11452734e+03,
       1.50592664e+03, 2.03744958e+03, 1.51783801e+03, 1.96357788e+03,
       1.50543506e+03, 1.91954761e+03, 1.45755969e+03, 1.90664575e+03,
       1.69817432e+03, 1.96129504e+03, 1.65118408e+03, 2.00998242e+03,
       1.62998511e+03, 2.03862219e+03, 1.63566858e+03, 2.06940625e+03,
       1.63122791e+03, 2.11854346e+03, 1.65437671e+03, 2.18185205e+03,
       1.70663782e+03, 2.09654834e+03, 1.68298657e+03, 2.03846887e+03,
       1.67823279e+03, 1.98512585e+03, 1.67785608e+03, 1.98236230e+03,
       1.69419031e+03, 2.03846716e+03, 1.69987744e+03, 2.09703198e+03,
       1.69652820e+03, 2.13446484e+03, 1.73606946e+03, 2.08586328e+03,
       1.74337769e+03, 2.03604065e+03, 1.74474951e+03, 1.98994910e+03,
       1.73922363e+03, 1.94625916e+03, 1.72744678e+03 ]
# Face feature points in 3d object space. Invalid points have zero coordinates
Point3f: !!opencv-matrix
   rows: 1
   cols: 91
   dt: "3f"
   data: [ -6.16297913e+01, 2.80506363e+01, 5.94262886e+01,
       -6.35683403e+01, 3.55186653e+00, 5.89435425e+01, -6.23286171e+01,
       -1.73996658e+01, 5.91175957e+01, -5.83926849e+01, -4.04479446e+01,
       6.04583626e+01, -4.46429482e+01, -6.89100571e+01, 6.72532196e+01,
       -2.27830925e+01, -9.02277145e+01, 7.71228027e+01, -1.58311713e+00,
       -9.10030365e+01, 9.03606339e+01, 2.09848652e+01, -9.08266449e+01,
       8.20007248e+01, 4.42861481e+01, -6.95234222e+01, 7.22486496e+01,
       5.87943268e+01, -4.10242767e+01, 6.51521912e+01, 6.37103462e+01,
       -1.80551376e+01, 6.44559784e+01, 6.53110199e+01, 2.88540888e+00,
       6.43714066e+01, 6.29268417e+01, 2.74584808e+01, 6.42490082e+01,
       3.33308716e+01, 8.84639130e+01, 1.02626945e+02, -1.49235535e+00,
       9.73412399e+01, 1.07665382e+02, -3.54466820e+01, 8.86597595e+01,
       9.97247543e+01, -2.99684505e+01, 4.29153595e+01, 9.81954651e+01,
       -4.16421509e+01, 4.42511330e+01, 9.19320831e+01, -5.05873489e+01,
       3.78253593e+01, 8.42630844e+01, -4.15270996e+01, 3.68457565e+01,
       9.22412872e+01, -3.02247124e+01, 3.58087311e+01, 9.60715179e+01,
       -1.73506260e+01, 3.49306145e+01, 9.86076813e+01, 1.20698309e+01,
       3.56885834e+01, 1.01665695e+02, 2.68183537e+01, 4.25671654e+01,
       1.01031265e+02, 4.24398193e+01, 4.38705521e+01, 9.50316696e+01,
       5.44712868e+01, 3.83555107e+01, 8.45608826e+01, 4.20093803e+01,
       3.76558380e+01, 9.48749313e+01, 2.78874683e+01, 3.65408401e+01,
       9.93401718e+01, 3.31407433e+01, 3.14836006e+01, 9.43721313e+01,
       -3.50250702e+01, 3.06156921e+01, 9.22095108e+01, -1.97798100e+01,
       2.23411236e+01, 8.57507706e+01, -2.70417805e+01, 2.59167347e+01,
       8.89390564e+01, -3.43395424e+01, 2.74752579e+01, 9.00926971e+01,
       -3.91645813e+01, 2.61123428e+01, 8.73459549e+01, -4.20862846e+01,
       2.22277718e+01, 8.20584641e+01, -3.72188339e+01, 1.97512913e+01,
       8.37653732e+01, -3.15112782e+01, 1.79111366e+01, 8.49054413e+01,
       -2.55885735e+01, 1.95471897e+01, 8.54276505e+01, -3.20480728e+01,
       2.26302814e+01, 8.62806168e+01, 3.09155540e+01, 2.31798172e+01,
       8.77689590e+01, 1.81027679e+01, 2.21338139e+01, 8.70567627e+01,
       2.52319241e+01, 2.70255661e+01, 8.91395493e+01, 3.23446732e+01,
       2.83967342e+01, 9.18190689e+01, 3.86748085e+01, 2.70041752e+01,
       8.93137589e+01, 4.38843231e+01, 2.36483536e+01, 8.43354187e+01,
       3.72303352e+01, 2.01346855e+01, 8.52583237e+01, 3.06971550e+01,
       1.83331261e+01, 8.60840683e+01, 2.44679222e+01, 1.95235901e+01,
       8.56198502e+01, 6.78824615e+00, -1.41370213e+00, 1.15104485e+02,
       -1.65590918e+00, -1.76777589e+00, 1.19070526e+02, -9.92103958e+00,
       1.67243016e+00, 1.04457924e+02, -1.00076494e+01, -1.85756607e+01,
       1.11767792e+02, -2.75895691e+00, -1.31494808e+01, 1.25150085e+02,
       5.81665754e+00, -1.96941872e+01, 1.17897079e+02, 1.80246811e+01,
       -1.48237953e+01, 9.84583969e+01, 1.09199409e+01, -2.24593945e+01,
       1.04675446e+02, -1.82645726e+00, -2.47751923e+01, 1.10650658e+02,
       -1.33840981e+01, -2.19246254e+01, 1.00851959e+02, -1.89878120e+01,
       -1.47265806e+01, 9.40192947e+01, -2.20797768e+01, -4.68349838e+01,
       9.52288208e+01, -1.43326969e+01, -4.15268936e+01, 1.02831062e+02,
       -6.44867325e+00, -3.91583366e+01, 1.06473351e+02, -1.59773791e+00,
       -3.99759636e+01, 1.06984100e+02, 3.63405013e+00, -3.93426933e+01,
       1.06630463e+02, 1.16630592e+01, -4.19730415e+01, 1.03010948e+02,
       2.09514103e+01, -4.79881172e+01, 9.54647827e+01, 8.01398373e+00,
       -4.57232132e+01, 1.02604004e+02, -1.59285212e+00, -4.52872429e+01,
       1.04195877e+02, -1.03780556e+01, -4.50345268e+01, 1.02545166e+02,
       -1.07332077e+01, -4.70463982e+01, 1.01260468e+02, -1.57558775e+00,
       -4.79732933e+01, 1.02657181e+02, 8.03131580e+00, -4.73935852e+01,
       1.01558998e+02, 1.38555040e+01, -5.22352104e+01, 9.82160187e+01,
       6.24141741e+00, -5.36167183e+01, 1.01561485e+02, -1.96982348e+00,
       -5.37990494e+01, 1.01562492e+02, -9.48808575e+00, -5.29425812e+01,
       1.00564796e+02, -1.61186886e+01, -5.09350548e+01, 9.69548950e+01,
       -7.90261993e+01, 6.84272003e+01, 2.72485485e+01, -6.11583061e+01,
       8.37740479e+01, 6.33018951e+01, 6.34908562e+01, 8.27895432e+01,
       7.10461731e+01, 8.38237534e+01, 6.73989868e+01, 3.45270653e+01,
       -5.82734718e+01, -5.25080605e+01, 5.30781460e+00, -4.34230919e+01,
       -8.05433807e+01, 2.33757210e+01, -2.40894833e+01, -9.75849228e+01,
       3.60110893e+01, -1.00164080e+00, -1.04636971e+02, 5.13931847e+01,
       2.73899059e+01, -9.91672440e+01, 5.03548470e+01, 5.07910576e+01,
       -8.12863388e+01, 3.52535934e+01, 6.74180145e+01, -5.19751015e+01,
