%YAML:1.0
---
# Ear tracker type: 0 (ET_32)
TrackerType: 0
ImageSize: [ 4096, 4096 ]
# Ear feature points in image space. Invalid points have zero coordinates
Point2f: !!opencv-matrix
   rows: 1
   cols: 32
   dt: "2f"
   data: [ 1.01170947e+03, 1.19568237e+03, 9.11396240e+02,
       1.15484216e+03, 8.28737732e+02, 1.18993738e+03, 7.98879761e+02,
       1.28010876e+03, 8.11353577e+02, 1.37249902e+03, 8.34490601e+02,
       1.45822400e+03, 8.78279053e+02, 1.53313745e+03, 9.40296997e+02,
       1.59000696e+03, 1.01529193e+03, 1.62255029e+03, 1.11073120e+03,
       1.57776746e+03, 1.06114771e+03, 1.45977539e+03, 9.92936646e+02,
       1.44937256e+03, 9.17751221e+02, 1.42882471e+03, 9.36381897e+02,
       1.34536719e+03, 9.78686462e+02, 1.30938025e+03, 1.03061987e+03,
       1.33082495e+03, 3.08576562e+03, 1.22387659e+03, 3.19513672e+03,
       1.17173523e+03, 3.29044678e+03, 1.21479419e+03, 3.31653662e+03,
       1.31361584e+03, 3.29017236e+03, 1.41775586e+03, 3.24903198e+03,
       1.51064551e+03, 3.19504346e+03, 1.58895911e+03, 3.12461133e+03,
       1.65332593e+03, 3.03794409e+03, 1.69170154e+03, 2.93851270e+03,
       1.63406482e+03, 3.00419531e+03, 1.53603027e+03, 3.07647266e+03,
       1.51049731e+03, 3.16642480e+03, 1.47233545e+03, 3.14557349e+03,
       1.37626025e+03, 3.10157983e+03, 1.33385547e+03, 3.03998755e+03,
       1.39645312e+03 ]
# Ear feature points in 3d object space. Invalid points have zero coordinates
Point3f: !!opencv-matrix
   rows: 1
   cols: 32
   dt: "3f"
   data: [ -7.98957977e+01, 3.13158836e+01, 2.32732320e+00,
       -8.34494171e+01, 3.82507210e+01, -9.97223186e+00, -8.75789032e+01,
       3.51801338e+01, -2.29296322e+01, -9.18474731e+01, 2.41116028e+01,
       -3.03293152e+01, -9.08146133e+01, 1.17391853e+01, -2.95100288e+01,
       -8.92129059e+01, 3.06480136e-02, -2.68873482e+01, -8.81508789e+01,
       -1.05826006e+01, -2.14894009e+01, -8.15828552e+01,
       -1.91826916e+01, -1.29675245e+01, -7.60432129e+01,
       -2.46009579e+01, -4.04410172e+00, -7.79945908e+01,
       -2.01368980e+01, 8.04427719e+00, -7.63658447e+01, -3.95603895e+00,
       3.90332937e+00, -7.42356415e+01, -1.63246250e+00, -3.76706386e+00,
       -7.99561539e+01, 2.22721720e+00, -1.29734392e+01, -8.06559753e+01,
       1.28746910e+01, -9.40737724e+00, -8.15625610e+01, 1.69466076e+01,
       -3.64044857e+00, -7.76559982e+01, 1.33523359e+01, 2.43398213e+00,
       7.20539322e+01, 2.76284466e+01, 1.85918128e+00, 7.43044434e+01,
       3.59969597e+01, -9.89147091e+00, 7.92334518e+01, 3.19939709e+01,
       -2.38699646e+01, 8.67007904e+01, 1.98608360e+01, -3.19569893e+01,
       8.57622375e+01, 5.70790529e+00, -2.93472691e+01, 8.31469650e+01,
       -7.26018810e+00, -2.42169437e+01, 7.87854919e+01, -1.84951572e+01,
       -1.74335442e+01, 6.95728073e+01, -2.80660820e+01, -9.11543465e+00,
       6.13861389e+01, -3.41646080e+01, -9.60987270e-01, 7.18763504e+01,
       -2.80506344e+01, 1.15950346e+01, 7.16208344e+01, -1.43144636e+01,
       5.77487755e+00, 6.90583725e+01, -1.00045128e+01, -1.70577431e+00,
       6.58333130e+01, -3.89835262e+00, -1.01536856e+01, 7.11941605e+01,
       8.48648548e+00, -7.08788204e+00, 7.32145615e+01, 1.34570389e+01,
       -1.69705200e+00, 7.02951584e+01, 4.43976402e+00, 4.02581739e+00 ]
