%YAML:1.0
---
# Face tracker type: 0(Unknown) 1(ASM)
TrackerType: 1
ImageSize: [ 4096, 4096 ]
# Face feature points in image space. Invalid points have zero coordinates
Point2f: !!opencv-matrix
   rows: 1
   cols: 77
   dt: "2f"
   data: [ 1.47413342e+03, 1.16198499e+03, 1.47413342e+03,
       1.36534595e+03, 1.49973340e+03, 1.54385168e+03, 1.55093347e+03,
       1.74043396e+03, 1.68746680e+03, 1.95283313e+03, 1.88586682e+03,
       2.10773340e+03, 2048., 2.09066675e+03, 2.21013354e+03,
       2.10773340e+03, 2.40853345e+03, 1.95283313e+03, 2.54506689e+03,
       1.74043396e+03, 2.59626685e+03, 1.54385168e+03, 2.62186670e+03,
       1.36534595e+03, 2.62186670e+03, 1.16198499e+03, 2.29973340e+03,
       6.15170105e+02, 2048., 5.63200012e+02, 1.79626672e+03,
       6.15170105e+02, 1.83466675e+03, 9.72800049e+02, 1.72373340e+03,
       9.68533386e+02, 1.62986670e+03, 1.04106677e+03, 1.72800012e+03,
       1.02826672e+03, 1.83040015e+03, 1.03253345e+03, 1.93706677e+03,
       1.03253345e+03, 2.13760010e+03, 1.02826672e+03, 2.24426685e+03,
       9.72800049e+02, 2.35946680e+03, 9.72800049e+02, 2.46186670e+03,
       1.04106677e+03, 2.35520020e+03, 1.02826672e+03, 2.24853345e+03,
       1.02826672e+03, 2.28693335e+03, 1.05386670e+03, 1.78773340e+03,
       1.05386670e+03, 1.88160010e+03, 1.13066675e+03, 1.83466675e+03,
       1.09653345e+03, 1.78346680e+03, 1.08373340e+03, 1.74080005e+03,
       1.09653345e+03, 1.69813342e+03, 1.13493335e+03, 1.74080005e+03,
       1.15626672e+03, 1.78773340e+03, 1.16906677e+03, 1.83466675e+03,
       1.16053345e+03, 1.78773340e+03, 1.12853345e+03, 2.28693335e+03,
       1.12853345e+03, 2.19306689e+03, 1.13493335e+03, 2240.,
       1.09653345e+03, 2.28693335e+03, 1.07946667e+03, 2.33386670e+03,
       1.09653345e+03, 2.38080005e+03, 1.13066675e+03, 2.33386670e+03,
       1.16053345e+03, 2.28693335e+03, 1.16906677e+03, 2240.,
       1.16053345e+03, 2.10246338e+03, 1.30645764e+03, 2.05043335e+03,
       1.29296423e+03, 1.99625305e+03, 1.30562122e+03, 1.99848792e+03,
       1.43041492e+03, 2.05150488e+03, 1.37123022e+03, 2.09992139e+03,
       1.44136389e+03, 2.16136328e+03, 1.42960840e+03, 2.12399194e+03,
       1.48031018e+03, 2.04544409e+03, 1.47614038e+03, 1.96994373e+03,
       1.47046313e+03, 1.93640173e+03, 1.41829980e+03, 1.90106628e+03,
       1.66196118e+03, 1.96538171e+03, 1.60563489e+03, 2.01286157e+03,
       1.58499744e+03, 2.04299573e+03, 1.59498682e+03, 2.07360669e+03,
       1.58773840e+03, 2.11763940e+03, 1.61318567e+03, 2.17170752e+03,
       1.67646887e+03, 2.09558398e+03, 1.64389148e+03, 2.04056909e+03,
       1.63386365e+03, 1.98180237e+03, 1.63959778e+03, 1.97971606e+03,
       1.64496008e+03, 2.03689514e+03, 1.64973779e+03, 2.09408936e+03,
       1.64953137e+03, 2.12777856e+03, 1.70279553e+03, 2.08444360e+03,
       1.70616675e+03, 2.03574072e+03, 1.70387012e+03, 1.98553406e+03,
       1.69925500e+03, 1.94059351e+03, 1.69017639e+03 ]
# Face feature points in 3d object space. Invalid points have zero coordinates
Point3f: !!opencv-matrix
   rows: 1
   cols: 77
   dt: "3f"
   data: [ -6.49894104e+01, 2.89982548e+01, 5.76560974e+01,
       -6.74486771e+01, 2.14020276e+00, 5.64053802e+01, -6.52536926e+01,
       -2.15402050e+01, 5.61626816e+01, -6.08252029e+01, -4.79105873e+01,
       5.82732925e+01, -4.75331154e+01, -7.73273163e+01, 6.80839386e+01,
       -2.79359150e+01, -1.01617928e+02, 9.83469849e+01, 2.10060563e-07,
       -9.80870438e+01, 8.80525131e+01, 2.26756763e+01, -9.90937042e+01,
       7.77888947e+01, 4.16184120e+01, -7.61596298e+01, 5.85739136e+01,
       5.63424301e+01, -4.73386497e+01, 5.36152115e+01, 5.98649673e+01,
       -2.09527626e+01, 5.13784065e+01, 6.21986504e+01, 2.66880298e+00,
       5.21002693e+01, 6.03330040e+01, 2.94670887e+01, 5.38377686e+01,
       2.39352589e+01, 1.00840508e+02, 7.16955032e+01, -8.81625084e-08,
       1.07139320e+02, 7.34729462e+01, -2.47145634e+01, 1.01108582e+02,
       7.36596069e+01, -2.94727669e+01, 4.97159805e+01, 9.35804138e+01,
       -4.32687569e+01, 5.11435699e+01, 8.65692368e+01, -5.51595459e+01,
       4.23620529e+01, 7.96237411e+01, -4.40472946e+01, 4.29963226e+01,
       8.83048630e+01, -2.98733025e+01, 4.19821320e+01, 9.19491348e+01,
       -1.52177286e+01, 4.16878586e+01, 9.43457794e+01, 1.23653812e+01,
       4.21441956e+01, 9.52449112e+01, 2.71128330e+01, 4.96558495e+01,
       9.40701752e+01, 4.10980301e+01, 5.06242943e+01, 8.61828384e+01,
       5.27711563e+01, 4.26332245e+01, 7.74151917e+01, 4.16082611e+01,
       4.30872345e+01, 8.75644226e+01, 2.74475307e+01, 4.25103035e+01,
       9.22631760e+01, 3.20488472e+01, 3.95144577e+01, 8.89688568e+01,
       -3.53464890e+01, 3.94792709e+01, 8.92554398e+01, -2.02902069e+01,
       3.01636925e+01, 8.20438461e+01, -2.73094807e+01, 3.43017197e+01,
       8.52670975e+01, -3.51598206e+01, 3.58077927e+01, 8.68479614e+01,
       -4.07184067e+01, 3.43671417e+01, 8.47342758e+01, -4.47176781e+01,
       2.99213543e+01, 7.94020462e+01, -3.91702995e+01, 2.69211349e+01,
       8.07588654e+01, -3.26526451e+01, 2.51830959e+01, 8.10671387e+01,
       -2.61458702e+01, 2.63448677e+01, 8.08364792e+01, -3.31424370e+01,
       3.03455353e+01, 8.28706360e+01, 3.02432137e+01, 3.03615437e+01,
       8.40424957e+01, 1.74946899e+01, 2.97082424e+01, 8.24399414e+01,
       2.42242565e+01, 3.43741722e+01, 8.46770020e+01, 3.14109497e+01,
       3.63671341e+01, 8.69081802e+01, 3.75001869e+01, 3.43611565e+01,
       8.47830048e+01, 4.22315331e+01, 3.04496498e+01, 7.97148972e+01,
       3.62136650e+01, 2.63208733e+01, 8.10318756e+01, 2.96155300e+01,
       2.52126789e+01, 8.08262024e+01, 2.33388882e+01, 2.63552628e+01,
       8.07518311e+01, 8.53763485e+00, 4.21202183e+00, 1.03235970e+02,
       4.12796885e-01, 4.92521572e+00, 1.12024475e+02, -8.18568230e+00,
       4.20548010e+00, 1.04194107e+02, -8.61514568e+00, -1.33803854e+01,
       1.12419983e+02, 6.43674374e-01, -6.42869854e+00, 1.19827988e+02,
       8.52270031e+00, -1.40291958e+01, 1.05859741e+02, 1.59647379e+01,
       -1.05529671e+01, 9.02651215e+01, 1.15317726e+01, -1.81135139e+01,
       9.69925995e+01, -4.37934399e-01, -1.91792469e+01, 1.10183060e+02,
       -1.22879133e+01, -1.72706032e+01, 1.00779892e+02, -1.71887932e+01,
       -1.01147861e+01, 9.89298630e+01, -2.20808048e+01, -4.16179428e+01,
       9.19141541e+01, -1.32374306e+01, -3.51723404e+01, 1.00351631e+02,
       -5.67632818e+00, -3.26323471e+01, 1.01990311e+02, -8.05563629e-01,
       -3.39065857e+01, 1.01561752e+02, 4.12727642e+00, -3.29680977e+01,
       1.01759628e+02, 1.09522657e+01, -3.59464302e+01, 9.84878006e+01,
       1.80781193e+01, -4.32504654e+01, 8.95158539e+01, 7.50284481e+00,
       -4.00218658e+01, 9.84625397e+01, -1.19924140e+00, -3.90261955e+01,
       1.01201408e+02, -1.05172939e+01, -3.95342903e+01, 9.91364746e+01,
       -1.07827454e+01, -4.01566505e+01, 9.84043732e+01, -1.77713156e+00,
       -4.09951134e+01, 1.00064674e+02, 7.21529770e+00, -4.06719627e+01,
       9.76560822e+01, 1.18008432e+01, -4.69181175e+01, 9.09067535e+01,
       5.61261415e+00, -4.78889008e+01, 9.51662369e+01, -1.93026543e+00,
       -4.78733940e+01, 9.75244827e+01, -9.75692654e+00, -4.71330414e+01,
       9.64872971e+01, -1.63080235e+01, -4.55272369e+01, 9.32300415e+01 ]
# Extended face landmarks:
ExtPoint2f: !!opencv-matrix
   rows: 1
   cols: 14
   dt: "2f"
   data: [ 1.15073389e+03, 8.92147705e+02, 1.47350037e+03,
       6.84414551e+02, 2.62917725e+03, 6.88547302e+02, 2.95862109e+03,
       9.08678711e+02, 1.18726709e+03, 1.86176929e+03, 1.47417822e+03,
       2.05293457e+03, 1.76108911e+03, 2.16763379e+03, 2048.,
       2.20586670e+03, 2.33020483e+03, 2.17135815e+03, 2.61240942e+03,
       2.06783179e+03, 2.89461426e+03, 1.89528809e+03, 1.98314673e+03,
       1.17333337e+03, 2048., 1.17333337e+03, 2.10602686e+03,
       1.17333337e+03 ]
