%YAML:1.0
---
# Ear tracker type: 0 (ET_32)
TrackerType: 0
ImageSize: [ 4096, 4096 ]
# Ear feature points in image space. Invalid points have zero coordinates
Point2f: !!opencv-matrix
   rows: 1
   cols: 32
   dt: "2f"
   data: [ 9.77971313e+02, 1.13879724e+03, 8.90541870e+02,
       1.07971460e+03, 8.01235168e+02, 1.09906543e+03, 7.58558472e+02,
       1.18495129e+03, 7.57754150e+02, 1.28604907e+03, 7.82221619e+02,
       1.38468970e+03, 8.24005676e+02, 1.47189258e+03, 8.83384155e+02,
       1.53157397e+03, 9.49017578e+02, 1.56516724e+03, 1.03174854e+03,
       1.53190100e+03, 9.94298218e+02, 1.42955701e+03, 9.39594238e+02,
       1.39047363e+03, 8.53792114e+02, 1.34760840e+03, 8.88594299e+02,
       1.26867798e+03, 9.39976013e+02, 1.24457178e+03, 9.86867188e+02,
       1.30946936e+03, 3.06519141e+03, 1.08931873e+03, 3.15285596e+03,
       1.02753857e+03, 3.24513403e+03, 1.04979858e+03, 3.27783643e+03,
       1.14266077e+03, 3.26879248e+03, 1.24718042e+03, 3.24250732e+03,
       1.34125659e+03, 3.20618311e+03, 1.42659863e+03, 3.16412158e+03,
       1.50242554e+03, 3.11245093e+03, 1.56472412e+03, 3.01847900e+03,
       1.56161975e+03, 3.05300854e+03, 1.41358057e+03, 3.09786963e+03,
       1.36453394e+03, 3.17339844e+03, 1.30675500e+03, 3.13859326e+03,
       1.22411658e+03, 3.09267065e+03, 1.19777319e+03, 3.05425195e+03,
       1.27294873e+03 ]
# Ear feature points in 3d object space. Invalid points have zero coordinates
Point3f: !!opencv-matrix
   rows: 1
   cols: 32
   dt: "3f"
   data: [ -8.13368301e+01, 3.92769508e+01, -9.73126292e-01,
       -8.34306030e+01, 4.84181747e+01, -1.15078650e+01, -8.62472229e+01,
       4.75133553e+01, -2.50720062e+01, -8.59289322e+01, 3.70529518e+01,
       -3.27886505e+01, -8.50021057e+01, 2.37904339e+01, -3.41397705e+01,
       -8.40577621e+01, 1.03837795e+01, -3.16588764e+01, -8.23468018e+01,
       -1.83155739e+00, -2.65073414e+01, -8.12133484e+01,
       -1.06515789e+01, -1.92362003e+01, -7.75342712e+01,
       -1.61243305e+01, -1.10047426e+01, -7.01850433e+01,
       -1.29646816e+01, -7.51330614e-01, -7.13259048e+01, 9.25354064e-01,
       -3.16280174e+00, -7.04949493e+01, 6.76183319e+00, -8.41749382e+00,
       -7.87957458e+01, 1.38181047e+01, -1.95152874e+01, -7.17929688e+01,
       2.34245033e+01, -1.23677902e+01, -7.32175827e+01, 2.58914661e+01,
       -6.38189793e+00, -7.11244583e+01, 1.67371578e+01, -2.03108978e+00,
       9.21749725e+01, 4.49329910e+01, 6.48705196e+00, 9.66716156e+01,
       5.46032562e+01, -5.43826485e+00, 9.42842178e+01, 5.33471603e+01,
       -1.92886391e+01, 9.15012894e+01, 4.17131920e+01, -2.49942303e+01,
       9.31292877e+01, 2.79277859e+01, -2.57884560e+01, 9.30344086e+01,
       1.51184778e+01, -2.32348232e+01, 9.30533600e+01, 3.28390956e+00,
       -1.91714249e+01, 8.94988861e+01, -7.45438004e+00, -1.37430906e+01,
       8.56149139e+01, -1.65097485e+01, -7.38643456e+00, 7.90926895e+01,
       -1.75449524e+01, 4.40279818e+00, 8.02259445e+01, 2.33469152e+00,
       2.64206457e+00, 7.97771454e+01, 9.42353249e+00, -2.03420472e+00,
       9.29541016e+01, 1.83744717e+01, -1.24294968e+01, 8.32437744e+01,
       2.84515400e+01, -5.10396767e+00, 8.28583298e+01, 3.11790009e+01,
       1.18037987e+00, 7.88607635e+01, 2.07600288e+01, 4.71266031e+00 ]
