%YAML:1.0
---
# Face tracker type: 0(Unknown) 1(ASM)
TrackerType: 1
ImageSize: [ 4096, 4096 ]
# Face feature points in image space. Invalid points have zero coordinates
Point2f: !!opencv-matrix
   rows: 1
   cols: 77
   dt: "2f"
   data: [ 1.48266675e+03, 1.14875085e+03, 1.48266675e+03,
       1.33301831e+03, 1.50400012e+03, 1.49634631e+03, 1.54666675e+03,
       1.66386218e+03, 1.68533337e+03, 1.86697534e+03, 1.89013342e+03,
       2.00746680e+03, 2.05226685e+03, 1.99680005e+03, 2.21440015e+03,
       2.00746680e+03, 2.41920020e+03, 1.86697534e+03, 2.55786670e+03,
       1.66386218e+03, 2.60053345e+03, 1.49634631e+03, 2.62186670e+03,
       1.33301831e+03, 2.62186670e+03, 1.14875085e+03, 2.28906689e+03,
       6.79706299e+02, 2.05226685e+03, 6.35733337e+02, 1.81546680e+03,
       6.79706299e+02, 1.83893347e+03, 9.94133362e+02, 1.73226672e+03,
       9.98400024e+02, 1.64266675e+03, 1.07093335e+03, 1.74080005e+03,
       1.05386670e+03, 1.83466675e+03, 1.04960010e+03, 1.94133337e+03,
       1.04960010e+03, 2.13333350e+03, 1.05386670e+03, 2.22720020e+03,
       9.94133362e+02, 2.33813354e+03, 9.94133362e+02, 2.44053345e+03,
       1.05386670e+03, 2.33386670e+03, 1.04533337e+03, 2.23573340e+03,
       1.04960010e+03, 2.28266675e+03, 1088., 1.80906677e+03,
       1.09226672e+03, 1.90293347e+03, 1.16480005e+03, 1.85600012e+03,
       1.13066675e+03, 1.81333337e+03, 1.11786670e+03, 1.77066675e+03,
       1.13493335e+03, 1.72800012e+03, 1.16906677e+03, 1.77066675e+03,
       1.19040002e+03, 1.81333337e+03, 1.19466675e+03, 1.86026672e+03,
       1.18613342e+03, 1.81440015e+03, 1.16106677e+03, 2.28426685e+03,
       1.15786670e+03, 2.19306689e+03, 1.16480005e+03, 2240.,
       1.13066675e+03, 2.28693335e+03, 1.11360010e+03, 2.32960010e+03,
       1.12640002e+03, 2.37226685e+03, 1.16053345e+03, 2.32960010e+03,
       1.18613342e+03, 2.28266675e+03, 1.19466675e+03, 2240.,
       1.18613342e+03, 2.09541943e+03, 1.31864978e+03, 2.04692810e+03,
       1.31620166e+03, 1.98876648e+03, 1.32264673e+03, 1.99403088e+03,
       1.44995422e+03, 2.04363525e+03, 1.38911658e+03, 2.09078613e+03,
       1.44193274e+03, 2.14846924e+03, 1.41890747e+03, 2.12506128e+03,
       1.48372681e+03, 2.04470203e+03, 1.49076624e+03, 1.96490796e+03,
       1.48785034e+03, 1.92715747e+03, 1.42988489e+03, 1.91288208e+03,
       1.68071790e+03, 1.96891443e+03, 1.62696191e+03, 2.01551233e+03,
       1.60406531e+03, 2.04600940e+03, 1.61049561e+03, 2.07643921e+03,
       1.60404370e+03, 2.12195972e+03, 1.62879297e+03, 2.18057495e+03,
       1.68296729e+03, 2.10367456e+03, 1.65894250e+03, 2.04587219e+03,
       1.65026221e+03, 1.98940894e+03, 1.65677380e+03, 1.98680530e+03,
       1.66574390e+03, 2.04394214e+03, 1.66999927e+03, 2.10222510e+03,
       1.66488135e+03, 2.13666919e+03, 1.71191809e+03, 2.09222925e+03,
       1.71808459e+03, 2.04189026e+03, 1.72042310e+03, 1.99445422e+03,
       1.71744092e+03, 1.95220129e+03, 1.70684253e+03 ]
# Face feature points in 3d object space. Invalid points have zero coordinates
Point3f: !!opencv-matrix
   rows: 1
   cols: 77
   dt: "3f"
   data: [ -6.23213387e+01, 3.08294945e+01, 5.70582237e+01,
       -6.44411621e+01, 6.49831486e+00, 5.58827782e+01, -6.35069122e+01,
       -1.52252846e+01, 5.61221581e+01, -6.02461815e+01, -3.77170181e+01,
       5.80871620e+01, -4.57993240e+01, -6.56844177e+01, 6.61393814e+01,
       -2.20380116e+01, -8.59653320e+01, 7.93332748e+01, 6.62760615e-01,
       -8.60367813e+01, 9.14542694e+01, 2.37493935e+01, -8.61839523e+01,
       8.11137695e+01, 4.84469986e+01, -6.59318466e+01, 6.81545639e+01,
       6.32125244e+01, -3.78848190e+01, 5.94537773e+01, 6.74860229e+01,
       -1.54709883e+01, 5.81232834e+01, 6.84971542e+01, 6.26481104e+00,
       5.77845116e+01, 6.56447144e+01, 3.06640034e+01, 5.84060402e+01,
       3.44929123e+01, 9.16342468e+01, 1.00905037e+02, 6.27539456e-01,
       1.00063362e+02, 1.08882935e+02, -3.30475273e+01, 9.15820770e+01,
       1.00595345e+02, -2.99189339e+01, 4.65287628e+01, 9.64603195e+01,
       -4.33813057e+01, 4.68986816e+01, 8.88319473e+01, -5.28481865e+01,
       3.84682999e+01, 7.90267410e+01, -4.27704468e+01, 3.94594154e+01,
       8.94171295e+01, -3.03117237e+01, 3.93652496e+01, 9.47995529e+01,
       -1.52616768e+01, 3.89822006e+01, 9.79192352e+01, 1.24091434e+01,
       3.82023430e+01, 9.96551666e+01, 2.63406200e+01, 4.61234550e+01,
       9.97612686e+01, 4.17466965e+01, 4.68391876e+01, 9.39321060e+01,
       5.35253906e+01, 4.01981659e+01, 8.34004974e+01, 4.14107018e+01,
       4.00446358e+01, 9.38820496e+01, 2.73080750e+01, 3.90124359e+01,
       9.76729736e+01, 3.32171783e+01, 3.44671936e+01, 9.31507492e+01,
       -3.32601128e+01, 3.41051331e+01, 9.14838867e+01, -1.82715244e+01,
       2.53325729e+01, 8.44654694e+01, -2.55392284e+01, 2.93794212e+01,
       8.84312057e+01, -3.21322479e+01, 3.09103394e+01, 8.98097992e+01,
       -3.75769577e+01, 2.89743729e+01, 8.71145935e+01, -4.13603325e+01,
       2.51848068e+01, 8.10532074e+01, -3.58477173e+01, 2.21814957e+01,
       8.24353409e+01, -3.01772614e+01, 2.14938183e+01, 8.34202881e+01,
       -2.37522030e+01, 2.26095753e+01, 8.35643921e+01, -3.06737976e+01,
       2.56801929e+01, 8.56728516e+01, 3.09825516e+01, 2.60173283e+01,
       8.65379562e+01, 1.82115936e+01, 2.52584724e+01, 8.52179947e+01,
       2.54115200e+01, 2.94307327e+01, 8.80133057e+01, 3.30988655e+01,
       3.13647804e+01, 9.07241516e+01, 3.86129875e+01, 2.99905815e+01,
       8.80694199e+01, 4.28441162e+01, 2.61150608e+01, 8.27080917e+01,
       3.69550934e+01, 2.26125355e+01, 8.35402756e+01, 3.02758923e+01,
       2.14618797e+01, 8.36804047e+01, 2.42445755e+01, 2.26415577e+01,
       8.33039093e+01, 8.06852531e+00, 1.54745913e+00, 1.11747948e+02,
       -1.89481601e-01, 1.31774628e+00, 1.16267067e+02, -9.42858791e+00,
       1.90738750e+00, 1.04492683e+02, -9.29304981e+00, -1.57887669e+01,
       1.10897560e+02, -8.25133264e-01, -9.19803619e+00, 1.23033348e+02,
       7.85655832e+00, -1.56576557e+01, 1.18507217e+02, 1.65006332e+01,
       -1.10218954e+01, 1.05660294e+02, 1.24539871e+01, -1.93388500e+01,
       1.03276047e+02, -5.80561519e-01, -2.14659405e+01, 1.12984650e+02,
       -1.30154858e+01, -1.94758167e+01, 9.99307404e+01, -1.75905838e+01,
       -1.09458103e+01, 9.31654053e+01, -2.06590080e+01, -4.43087769e+01,
       9.35386658e+01, -1.28690910e+01, -3.81663818e+01, 1.01664925e+02,
       -5.43080664e+00, -3.55756493e+01, 1.05334198e+02, -3.34519207e-01,
       -3.64980850e+01, 1.05890778e+02, 4.75363588e+00, -3.55742416e+01,
       1.05346107e+02, 1.20941849e+01, -3.84772415e+01, 1.02215919e+02,
       2.05038490e+01, -4.47477379e+01, 9.46802444e+01, 9.05118275e+00,
       -4.23712158e+01, 1.01314690e+02, -3.52914214e-01, -4.15274010e+01,
       1.03832458e+02, -9.53483677e+00, -4.20969543e+01, 1.01426941e+02,
       -9.89264774e+00, -4.31822433e+01, 1.00562317e+02, -6.63912177e-01,
       -4.39319382e+01, 1.02064758e+02, 8.79116249e+00, -4.31143303e+01,
       1.00942253e+02, 1.39733477e+01, -4.88614769e+01, 9.68655396e+01,
       7.17540693e+00, -5.00947113e+01, 1.00238647e+02, -9.91664648e-01,
       -5.04261551e+01, 1.00408379e+02, -8.61072254e+00, -4.98885689e+01,
       9.92561264e+01, -1.49807434e+01, -4.80887527e+01, 9.60627823e+01 ]
# Extended face landmarks:
ExtPoint2f: !!opencv-matrix
   rows: 1
   cols: 14
   dt: "2f"
   data: [ 1.16138867e+03, 8.84260742e+02, 1.48842786e+03,
       7.30844971e+02, 2.58019946e+03, 7.26606018e+02, 2.87133154e+03,
       8.67304993e+02, 1.14385510e+03, 1.78406860e+03, 1.44665906e+03,
       1.97786755e+03, 1.74946301e+03, 2.09414697e+03, 2.05226685e+03,
       2.13290674e+03, 2.33582788e+03, 2.09240161e+03, 2.61938916e+03,
       1.97088635e+03, 2.90295020e+03, 1.76836072e+03, 1.99424023e+03,
       1.19893335e+03, 2.05226685e+03, 1.19893335e+03, 2.10858691e+03,
       1.19893335e+03 ]
