%YAML:1.0
---
# Ear tracker type: 0 (ET_32)
TrackerType: 0
ImageSize: [ 4096, 4096 ]
# Ear feature points in image space. Invalid points have zero coordinates
Point2f: !!opencv-matrix
   rows: 1
   cols: 32
   dt: "2f"
   data: [ 9.60266052e+02, 1.17762341e+03, 8.82370361e+02,
       1.10933191e+03, 7.89606445e+02, 1.12342554e+03, 7.43715149e+02,
       1.21553003e+03, 7.47132629e+02, 1.32013684e+03, 7.66573486e+02,
       1.41211926e+03, 8.02042603e+02, 1.49113831e+03, 8.42461304e+02,
       1.55194373e+03, 8.93913025e+02, 1.59569922e+03, 9.71586548e+02,
       1.57682617e+03, 9.49171326e+02, 1.46292188e+03, 9.03151184e+02,
       1.42007129e+03, 8.21436829e+02, 1.36088916e+03, 8.65477295e+02,
       1.28278577e+03, 9.16073059e+02, 1.26027368e+03, 9.41947388e+02,
       1.33490796e+03, 3.07177905e+03, 1.13981848e+03, 3.15017285e+03,
       1.07754321e+03, 3.23531494e+03, 1.09553284e+03, 3.27311719e+03,
       1.17722241e+03, 3.27477295e+03, 1.27032202e+03, 3.25992383e+03,
       1.35339734e+03, 3.23207251e+03, 1.43394727e+03, 3.19461816e+03,
       1.50469568e+03, 3.13950659e+03, 1.55798950e+03, 3.05535498e+03,
       1.55334692e+03, 3.07642334e+03, 1.43618591e+03, 3.12368164e+03,
       1.39720544e+03, 3.19546655e+03, 1.33891809e+03, 3.15224902e+03,
       1.26559448e+03, 3.10693506e+03, 1.24498010e+03, 3.07893726e+03,
       1.30106030e+03 ]
# Ear feature points in 3d object space. Invalid points have zero coordinates
Point3f: !!opencv-matrix
   rows: 1
   cols: 32
   dt: "3f"
   data: [ -7.71398621e+01, 3.44174080e+01, -3.39671350e+00,
       -8.09316864e+01, 4.46087265e+01, -1.25218601e+01, -8.38048553e+01,
       4.44264488e+01, -2.62835407e+01, -8.62264099e+01, 3.33538971e+01,
       -3.57417717e+01, -8.57946930e+01, 1.95754547e+01, -3.66869888e+01,
       -8.45412292e+01, 7.10489798e+00, -3.46272812e+01, -8.23922272e+01,
       -3.97176290e+00, -2.98964100e+01, -7.99562836e+01,
       -1.26997356e+01, -2.45909958e+01, -7.49427032e+01,
       -1.93640862e+01, -1.76480389e+01, -7.15281830e+01,
       -1.80392303e+01, -8.02160263e+00, -7.48740158e+01,
       -2.78483462e+00, -9.03916454e+00, -7.51008148e+01, 3.48666024e+00,
       -1.37615385e+01, -8.49759293e+01, 1.28400574e+01, -2.59167328e+01,
       -7.47637329e+01, 2.19948864e+01, -1.59860325e+01, -7.35306473e+01,
       2.41776009e+01, -9.40967083e+00, -7.07855606e+01, 1.40057507e+01,
       -7.30450296e+00, 8.57099915e+01, 3.84387283e+01, 4.74893475e+00,
       8.92941132e+01, 4.79024277e+01, -4.95851278e+00, 9.13756332e+01,
       4.70868378e+01, -1.77768955e+01, 9.68317490e+01, 3.73085899e+01,
       -2.65096874e+01, 9.74004288e+01, 2.51815281e+01, -2.84560719e+01,
       9.61133499e+01, 1.39681273e+01, -2.69996033e+01, 9.36345139e+01,
       2.81425595e+00, -2.32959576e+01, 9.11435852e+01, -7.18883562e+00,
       -1.83615932e+01, 8.87022705e+01, -1.51533222e+01, -1.11482534e+01,
       7.75547104e+01, -1.59106493e+01, 4.19417433e-02, 7.84181976e+01,
       -2.73529530e-01, -5.69688320e-01, 8.06758041e+01, 5.54344273e+00,
       -5.77680016e+00, 9.28887405e+01, 1.45594568e+01, -1.61521664e+01,
       8.18260803e+01, 2.32178669e+01, -7.34925890e+00, 8.10734406e+01,
       2.52115231e+01, -1.28596222e+00, 7.76456070e+01, 1.74439545e+01,
       1.30935025e+00 ]
