%YAML:1.0
---
# Face tracker type: 0(Unknown) 1(ASM)
TrackerType: 1
ImageSize: [ 4096, 4096 ]
# Face feature points in image space. Invalid points have zero coordinates
Point2f: !!opencv-matrix
   rows: 1
   cols: 77
   dt: "2f"
   data: [ 1.52234656e+03, 1.14113770e+03, 1.51381323e+03,
       1.30554785e+03, 1.53727991e+03, 1.46371460e+03, 1.58421326e+03,
       1.63853052e+03, 1.70794653e+03, 1.82791443e+03, 1.89781323e+03,
       1.99680005e+03, 2.04714661e+03, 1.98400012e+03, 2.19647974e+03,
       1.99680005e+03, 2.38634644e+03, 1.82791443e+03, 2.51007983e+03,
       1.63853052e+03, 2.55701318e+03, 1.46371460e+03, 2.58047974e+03,
       1.30554785e+03, 2.57194653e+03, 1.14113770e+03, 2.29034644e+03,
       6.68718445e+02, 2.04714661e+03, 6.22933350e+02, 1.80394666e+03,
       6.68718445e+02, 1.83466675e+03, 9.85600037e+02, 1.72800012e+03,
       9.72800049e+02, 1.63840015e+03, 1.04533337e+03, 1.72800012e+03,
       1.03253345e+03, 1.83040015e+03, 1.04533337e+03, 1.93706677e+03,
       1.04960010e+03, 2.13760010e+03, 1.05386670e+03, 2.24426685e+03,
       9.89866699e+02, 2.36373340e+03, 9.77066711e+02, 2.47893335e+03,
       1.04106677e+03, 2.36373340e+03, 1.03253345e+03, 2.25706689e+03,
       1.04533337e+03, 2.29120020e+03, 1088., 1.80053345e+03, 1088.,
       1.89866675e+03, 1.16480005e+03, 1.85173340e+03, 1.13066675e+03,
       1.80480005e+03, 1.12213342e+03, 1.76213342e+03, 1.13493335e+03,
       1.71946680e+03, 1.16906677e+03, 1.76640015e+03, 1.19466675e+03,
       1.80906677e+03, 1.20320007e+03, 1.85600012e+03, 1.19040002e+03,
       1.80853345e+03, 1.16373340e+03, 2.29546680e+03, 1.16320007e+03,
       2.20160010e+03, 1.16906677e+03, 2.24853345e+03, 1.13493335e+03,
       2.29546680e+03, 1.11786670e+03, 2.34240015e+03, 1.13066675e+03,
       2.38933350e+03, 1.16480005e+03, 2.34240015e+03, 1.19040002e+03,
       2.29546680e+03, 1.20320007e+03, 2.24853345e+03, 1.19466675e+03,
       2.10088062e+03, 1.28340283e+03, 2.04765161e+03, 1.26985339e+03,
       1.98916064e+03, 1.29469031e+03, 1.99294763e+03, 1.40967017e+03,
       2.04476807e+03, 1.35067603e+03, 2.09660596e+03, 1.38999695e+03,
       2.17308057e+03, 1.42161292e+03, 2.12789111e+03, 1.45194690e+03,
       2.04528870e+03, 1.43639978e+03, 1.96689832e+03, 1.45645361e+03,
       1.91933948e+03, 1.44012585e+03, 1.90989502e+03, 1.63677747e+03,
       1.96933447e+03, 1.59121448e+03, 2.01783374e+03, 1.57262073e+03,
       2.04743958e+03, 1.57431726e+03, 2.07885156e+03, 1.57406067e+03,
       2.12662256e+03, 1.59250098e+03, 2.18916187e+03, 1.64519397e+03,
       2.10632031e+03, 1.62245142e+03, 2.04869922e+03, 1.61968176e+03,
       1.99337646e+03, 1.61583545e+03, 1.99107129e+03, 1.62760413e+03,
       2.04676917e+03, 1.63905090e+03, 2.10673755e+03, 1.63217175e+03,
       2.14805835e+03, 1.68765112e+03, 2.09938135e+03, 1.69426672e+03,
       2.04607190e+03, 1.69671497e+03, 1.99436780e+03, 1.69196545e+03,
       1.94665552e+03, 1.68428784e+03 ]
# Face feature points in 3d object space. Invalid points have zero coordinates
Point3f: !!opencv-matrix
   rows: 1
   cols: 91
   dt: "3f"
   data: [ -5.77913475e+01, 3.15156498e+01, 5.97057343e+01,
       -6.04410210e+01, 9.87518406e+00, 5.80973740e+01, -5.96754341e+01,
       -1.12418118e+01, 5.89798203e+01, -5.54986305e+01, -3.46618805e+01,
       6.06084671e+01, -4.30679703e+01, -6.07296448e+01, 6.80413437e+01,
       -2.08119049e+01, -8.45102615e+01, 7.90217972e+01, -1.27477884e-01,
       -8.38892670e+01, 8.78109207e+01, 2.06314182e+01, -8.45441742e+01,
       7.92979584e+01, 4.39727631e+01, -6.09782791e+01, 7.00663223e+01,
       5.66382713e+01, -3.48655128e+01, 6.22669487e+01, 6.21085815e+01,
       -1.15794020e+01, 6.17292480e+01, 6.28370667e+01, 9.56476498e+00,
       6.06255379e+01, 5.96330986e+01, 3.12637882e+01, 6.17569695e+01,
       3.14314384e+01, 9.46839905e+01, 9.28487244e+01, -1.12385653e-01,
       1.02460625e+02, 9.90763550e+01, -3.21598625e+01, 9.47989731e+01,
       9.41064987e+01, -2.89681072e+01, 4.82222443e+01, 9.18991699e+01,
       -4.14074745e+01, 5.08562012e+01, 8.42941055e+01, -5.13077621e+01,
       4.21996460e+01, 7.63309021e+01, -4.21287117e+01, 4.28754501e+01,
       8.46736679e+01, -2.90509510e+01, 4.05962257e+01, 8.93896790e+01,
       -1.49179802e+01, 3.96672249e+01, 9.23401337e+01, 1.21982260e+01,
       3.89416389e+01, 9.36341095e+01, 2.72759285e+01, 4.73586121e+01,
       9.43172989e+01, 4.25385437e+01, 4.98854256e+01, 8.75848083e+01,
       5.52669525e+01, 4.27045212e+01, 7.68345490e+01, 4.31159058e+01,
       4.24936867e+01, 8.77828522e+01, 2.85414104e+01, 4.03344879e+01,
       9.15214157e+01, 3.23358574e+01, 3.51543579e+01, 8.75542221e+01,
       -3.24904594e+01, 3.52980843e+01, 8.63836594e+01, -1.76528931e+01,
       2.59467220e+01, 7.94636078e+01, -2.45002651e+01, 3.00238476e+01,
       8.31827698e+01, -3.14720249e+01, 3.09568462e+01, 8.48153000e+01,
       -3.68420486e+01, 2.95074329e+01, 8.27731857e+01, -4.07422867e+01,
       2.56112328e+01, 7.75802231e+01, -3.46691971e+01, 2.21002026e+01,
       7.84816666e+01, -2.90743771e+01, 2.09180183e+01, 7.88785934e+01,
       -2.29905319e+01, 2.25870724e+01, 7.91321945e+01, -2.97181263e+01,
       2.59010201e+01, 8.09897156e+01, 3.05715218e+01, 2.61667919e+01,
       8.14106598e+01, 1.80431194e+01, 2.55772610e+01, 7.98655777e+01,
       2.46830959e+01, 2.96130695e+01, 8.19128494e+01, 3.22829628e+01,
       3.14533253e+01, 8.53875580e+01, 3.84476852e+01, 2.99794807e+01,
       8.35441132e+01, 4.29300308e+01, 2.61115246e+01, 7.81214294e+01,
       3.65362129e+01, 2.26434689e+01, 7.86728668e+01, 3.02486038e+01,
       2.09085941e+01, 7.89553680e+01, 2.40018272e+01, 2.20580845e+01,
       7.88247147e+01, 8.28277302e+00, 7.23726416e+00, 1.03537636e+02,
       -5.70360646e-02, 8.42209911e+00, 1.08545456e+02, -8.81979656e+00,
       6.30040359e+00, 9.89571457e+01, -9.58878231e+00, -1.06734409e+01,
       1.12815010e+02, -5.77417970e-01, -3.34307742e+00, 1.16932755e+02,
       8.68124962e+00, -8.45759964e+00, 1.16050522e+02, 1.85127792e+01,
       -1.00454149e+01, 9.47807312e+01, 1.28369417e+01, -1.51022673e+01,
       1.03150780e+02, -4.91898239e-01, -1.47797194e+01, 1.17342422e+02,
       -1.28244705e+01, -1.54883261e+01, 1.01419655e+02, -1.79338436e+01,
       -1.17837267e+01, 8.89111404e+01, -2.06820812e+01, -3.83055153e+01,
       9.21798477e+01, -1.22196436e+01, -3.29053612e+01, 9.74883423e+01,
       -4.79556465e+00, -3.08119812e+01, 1.00553505e+02, -8.94399136e-02,
       -3.10925999e+01, 1.01003601e+02, 4.89969349e+00, -3.09876137e+01,
       1.00426163e+02, 1.22202196e+01, -3.30810699e+01, 9.75275803e+01,
       2.11499805e+01, -3.94044151e+01, 9.20248642e+01, 9.20321751e+00,
       -3.72153816e+01, 9.87990723e+01, 1.12074696e-01, -3.70835266e+01,
       1.00721352e+02, -8.66729736e+00, -3.64226074e+01, 9.94995117e+01,
       -9.02080250e+00, -3.79429893e+01, 9.91508408e+01, -1.95910692e-01,
       -3.95290642e+01, 9.96854706e+01, 9.23648071e+00, -3.84429054e+01,
       9.82811508e+01, 1.49567995e+01, -4.50257378e+01, 9.18774796e+01,
       7.87837124e+00, -4.62654686e+01, 9.48177872e+01, -2.99023658e-01,
       -4.67503891e+01, 9.61185608e+01, -8.18574333e+00, -4.59063110e+01,
       9.43820343e+01, -1.50747480e+01, -4.45254364e+01, 9.14411621e+01,
       -8.03427200e+01, 6.96688004e+01, 2.42543964e+01, -5.46500587e+01,
       8.79684448e+01, 5.66161537e+01, 6.05584145e+01, 8.83587265e+01,
       6.41942673e+01, 8.75342407e+01, 7.09121933e+01, 3.00880222e+01,
       -6.01732864e+01, -4.92929230e+01, 1.83180678e+00, -4.54692421e+01,
       -7.52583618e+01, 2.27349834e+01, -2.66912918e+01, -9.14487686e+01,
       4.02541466e+01, -9.07058641e-02, -9.82759705e+01, 5.77435112e+01,
       3.02401886e+01, -9.23294296e+01, 5.08243294e+01, 5.16728973e+01,
       -7.46142426e+01, 3.10797901e+01, 6.90904160e+01, -4.63559341e+01,
