%YAML:1.0
---
# Ear tracker type: 0 (ET_32)
TrackerType: 0
ImageSize: [ 4096, 4096 ]
# Ear feature points in image space. Invalid points have zero coordinates
Point2f: !!opencv-matrix
   rows: 1
   cols: 32
   dt: "2f"
   data: [ 9.77065674e+02, 1.28572839e+03, 8.77568115e+02,
       1.27479333e+03, 8.11836731e+02, 1.32923022e+03, 8.04454590e+02,
       1.40857007e+03, 8.37198181e+02, 1.48268481e+03, 8.86630249e+02,
       1.54475903e+03, 9.40888672e+02, 1.59669019e+03, 1.00019775e+03,
       1.63107910e+03, 1.06538074e+03, 1.64442896e+03, 1.12839111e+03,
       1.58707776e+03, 1.07607983e+03, 1.51689368e+03, 1.01311346e+03,
       1.50737329e+03, 9.37499268e+02, 1.48652026e+03, 9.42779419e+02,
       1.41397839e+03, 9.73357910e+02, 1.37757483e+03, 1.02507812e+03,
       1.41817236e+03, 3.11026636e+03, 1.31478308e+03, 3.20575757e+03,
       1.28997290e+03, 3.27777710e+03, 1.34023901e+03, 3.29705762e+03,
       1.41583533e+03, 3.27386523e+03, 1.48840576e+03, 3.23859473e+03,
       1.54967175e+03, 3.19414307e+03, 1.59907153e+03, 3.14291748e+03,
       1.63263574e+03, 3.08218506e+03, 1.65078589e+03, 3.02246729e+03,
       1.60469214e+03, 3.04929761e+03, 1.54824561e+03, 3.10688403e+03,
       1.52878979e+03, 3.18135498e+03, 1.49842114e+03, 3.16431396e+03,
       1.42928296e+03, 3.12673315e+03, 1.40007141e+03, 3.08021558e+03,
       1.45263098e+03 ]
# Ear feature points in 3d object space. Invalid points have zero coordinates
Point3f: !!opencv-matrix
   rows: 1
   cols: 32
   dt: "3f"
   data: [ -8.03911972e+01, 2.00560665e+01, -3.37886190e+00,
       -8.39564896e+01, 2.31181030e+01, -1.64878445e+01, -8.24708786e+01,
       1.70487652e+01, -2.59457874e+01, -8.33963013e+01, 6.83364105e+00,
       -2.85786247e+01, -8.28290405e+01, -3.44851112e+00,
       -2.50130920e+01, -8.14280701e+01, -1.24228802e+01,
       -1.90734215e+01, -7.60179901e+01, -2.01533337e+01,
       -1.22921829e+01, -7.19220352e+01, -2.55206184e+01,
       -5.78045464e+00, -6.74838104e+01, -2.81104012e+01, 8.70128095e-01,
       -6.77716904e+01, -2.14170742e+01, 8.39879799e+00, -7.01355896e+01,
       -1.15835438e+01, 4.23494434e+00, -6.84104614e+01, -9.51423645e+00,
       -2.31932354e+00, -7.36666946e+01, -5.72649765e+00,
       -1.06096039e+01, -7.45972519e+01, 3.70611858e+00, -8.95762157e+00,
       -7.42454071e+01, 8.03539085e+00, -4.83607483e+00, -7.17199020e+01,
       2.00429702e+00, 3.65590185e-01, 7.59988785e+01, 1.60918808e+01,
       -2.52396560e+00, 8.15037460e+01, 2.08611889e+01, -1.45277023e+01,
       8.16939011e+01, 1.54679832e+01, -2.49805260e+01, 8.01917038e+01,
       5.83926773e+00, -2.83394871e+01, 7.88237762e+01, -4.09800816e+00,
       -2.59122086e+01, 7.68697510e+01, -1.27408113e+01, -2.17986126e+01,
       7.21546860e+01, -1.99853420e+01, -1.62363529e+01, 6.96856155e+01,
       -2.51169338e+01, -1.07519903e+01, 6.75217590e+01, -2.82909088e+01,
       -4.53664970e+00, 6.81926727e+01, -2.30206451e+01, 2.40385365e+00,
       6.85584030e+01, -1.52928314e+01, 5.28728426e-01, 6.66444702e+01,
       -1.20208702e+01, -5.07242727e+00, 6.91061630e+01, -7.05588436e+00,
       -1.26566458e+01, 6.75866394e+01, 1.73914862e+00, -9.49410915e+00,
       6.95441666e+01, 5.10059118e+00, -5.27034330e+00, 6.80545959e+01,
       -2.38573813e+00, -1.15709198e+00 ]
