%YAML:1.0
---
# Face tracker type: 0(Unknown) 1(ASM)
TrackerType: 1
ImageSize: [ 4096, 4096 ]
# Face feature points in image space. Invalid points have zero coordinates
Point2f: !!opencv-matrix
   rows: 1
   cols: 77
   dt: "2f"
   data: [ 1.48053345e+03, 1.16724561e+03, 1.48480005e+03,
       1.30950891e+03, 1.49333337e+03, 1.44352539e+03, 1.52533337e+03,
       1.62083911e+03, 1.65120007e+03, 1.85588306e+03, 1.86666675e+03,
       1.97120007e+03, 2.03946680e+03, 1.97546680e+03, 2.21226685e+03,
       1.97120007e+03, 2.42773340e+03, 1.85588306e+03, 2.55360010e+03,
       1.62083911e+03, 2.58560010e+03, 1.44352539e+03, 2.59413354e+03,
       1.30950891e+03, 2.59840015e+03, 1.16724561e+03, 2.28480005e+03,
       6.68292725e+02, 2.03946680e+03, 6.22933350e+02, 1.79413342e+03,
       6.68292725e+02, 1.84746680e+03, 1.01973340e+03, 1.74080005e+03,
       1.01973340e+03, 1.64266675e+03, 1.07520007e+03, 1.74506677e+03,
       1.06666675e+03, 1.84320007e+03, 1.07093335e+03, 1.94986682e+03,
       1.07093335e+03, 2.15466675e+03, 1.07093335e+03, 2.25706689e+03,
       1.01973340e+03, 2.35946680e+03, 1024., 2.44053345e+03, 1088.,
       2.35520020e+03, 1.07520007e+03, 2.25706689e+03, 1.07520007e+03,
       2.29973340e+03, 1.10933337e+03, 1.80053345e+03, 1.10506677e+03,
       1.89013342e+03, 1.17333337e+03, 1.84320007e+03, 1.14346667e+03,
       1.79626672e+03, 1.12640002e+03, 1.75360010e+03, 1.13920007e+03,
       1.71093347e+03, 1.17760010e+03, 1.75360010e+03, 1.19466675e+03,
       1.80053345e+03, 1.20320007e+03, 1.84320007e+03, 1.19466675e+03,
       1.79893347e+03, 1.16906677e+03, 2.29173340e+03, 1.17493335e+03,
       2.20160010e+03, 1.17333337e+03, 2.24853345e+03, 1.14346667e+03,
       2.29973340e+03, 1.13493335e+03, 2.33813354e+03, 1152.,
       2.37653345e+03, 1.18613342e+03, 2.33386670e+03, 1.20320007e+03,
       2.29120020e+03, 1.20746667e+03, 2.24426685e+03, 1.19893335e+03,
       2.09099072e+03, 1.31239832e+03, 2.04363513e+03, 1.30660449e+03,
       1.99272437e+03, 1.31415601e+03, 1.99387170e+03, 1.43621716e+03,
       2.04254773e+03, 1.38903394e+03, 2.09180029e+03, 1.44112927e+03,
       2.15915503e+03, 1.44747815e+03, 2.11394897e+03, 1.47600476e+03,
       2.04065125e+03, 1.48736169e+03, 1.96738477e+03, 1.47187183e+03,
       1.92292786e+03, 1.44529944e+03, 1.89626477e+03, 1.64647241e+03,
       1.96244958e+03, 1.60134753e+03, 2.01134473e+03, 1.58368152e+03,
       2.04082141e+03, 1.58625891e+03, 2.06856763e+03, 1.58498340e+03,
       2.11785474e+03, 1.60189868e+03, 2.17976758e+03, 1.64755615e+03,
       2.09620752e+03, 1.62335840e+03, 2.03842810e+03, 1.62045386e+03,
       1.98184961e+03, 1.62121521e+03, 1.98098950e+03, 1.63707190e+03,
       2.03807141e+03, 1.64048303e+03, 2.09448486e+03, 1.63614294e+03,
       2.12691064e+03, 1.66767615e+03, 2.08208008e+03, 1.67014392e+03,
       2.03589819e+03, 1.67157166e+03, 1.98888623e+03, 1.66999561e+03,
       1.94353699e+03, 1.66958972e+03 ]
# Face feature points in 3d object space. Invalid points have zero coordinates
Point3f: !!opencv-matrix
   rows: 1
   cols: 77
   dt: "3f"
   data: [ -6.18058624e+01, 2.85049858e+01, 5.59826660e+01,
       -6.21251678e+01, 9.77135468e+00, 5.46581345e+01, -6.26508102e+01,
       -7.99467278e+00, 5.43742867e+01, -6.03608551e+01, -3.16201057e+01,
       5.49734192e+01, -4.70352631e+01, -6.34816170e+01, 6.01984863e+01,
       -2.59403687e+01, -8.14171829e+01, 8.15241699e+01, -1.36980510e+00,
       -8.36575623e+01, 9.51550140e+01, 2.28505592e+01, -8.11633224e+01,
       7.94566345e+01, 4.46364479e+01, -6.35148621e+01, 6.04692535e+01,
       5.78448067e+01, -3.16901417e+01, 5.55438309e+01, 6.13232765e+01,
       -8.20713615e+00, 5.61046600e+01, 6.10196457e+01, 9.54194832e+00,
       5.65265045e+01, 6.04061699e+01, 2.83116131e+01, 5.75575562e+01,
       2.74299660e+01, 9.42077942e+01, 8.42716522e+01, -1.05717587e+00,
       1.01840843e+02, 9.38698578e+01, -2.99105759e+01, 9.44611206e+01,
       8.50299835e+01, -2.88009644e+01, 4.31077309e+01, 9.66287231e+01,
       -4.20667610e+01, 4.40941772e+01, 8.85947723e+01, -5.25103493e+01,
       3.79674377e+01, 7.84902573e+01, -4.19826012e+01, 3.78083344e+01,
       8.90172577e+01, -2.88838005e+01, 3.66225052e+01, 9.40595169e+01,
       -1.40233727e+01, 3.61889877e+01, 9.75902634e+01, 1.52665815e+01,
       3.61870728e+01, 9.76058426e+01, 3.01680241e+01, 4.30875435e+01,
       9.67931366e+01, 4.27211647e+01, 4.35425911e+01, 8.84715500e+01,
       5.21263657e+01, 3.59797859e+01, 8.08316727e+01, 4.27159996e+01,
       3.66809082e+01, 8.89682083e+01, 2.93767834e+01, 3.61198463e+01,
       9.35376968e+01, 3.42618942e+01, 3.21612511e+01, 8.88531265e+01,
       -3.36762428e+01, 3.27026215e+01, 8.90595093e+01, -1.95344563e+01,
       2.44189339e+01, 8.26752701e+01, -2.63807640e+01, 2.80701084e+01,
       8.52480240e+01, -3.37496796e+01, 3.00815601e+01, 8.73284607e+01,
       -3.93291855e+01, 2.86413670e+01, 8.52109833e+01, -4.32382622e+01,
       2.42319756e+01, 7.95822144e+01, -3.77057419e+01, 2.17912750e+01,
       8.09976959e+01, -3.16048279e+01, 2.04943066e+01, 8.23294601e+01,
       -2.57534599e+01, 2.16056938e+01, 8.25091400e+01, -3.21720009e+01,
       2.48571644e+01, 8.37216339e+01, 3.12386417e+01, 2.41156826e+01,
       8.41740723e+01, 1.91348324e+01, 2.43160610e+01, 8.42729568e+01,
       2.56792603e+01, 2.81143246e+01, 8.48879089e+01, 3.35575981e+01,
       2.90225220e+01, 8.67224503e+01, 3.86900635e+01, 2.69628029e+01,
       8.50351105e+01, 4.22779236e+01, 2.30386429e+01, 8.00699158e+01,
       3.66340141e+01, 2.06285648e+01, 8.12360001e+01, 3.10492744e+01,
       1.99223652e+01, 8.23720856e+01, 2.45655365e+01, 2.10653439e+01,
       8.22944641e+01, 7.09141302e+00, 2.77378130e+00, 1.08523048e+02,
       -7.51975775e-01, 2.93094373e+00, 1.13510757e+02, -9.18296051e+00,
       2.46281767e+00, 1.09154221e+02, -9.44976521e+00, -1.41804228e+01,
       1.12659065e+02, -9.93499339e-01, -8.64474678e+00, 1.18616463e+02,
       7.37244797e+00, -1.43375101e+01, 1.08624596e+02, 1.61336250e+01,
       -1.32353010e+01, 9.27797623e+01, 1.01698914e+01, -1.77583084e+01,
       9.87570801e+01, -1.21371257e+00, -2.01557350e+01, 1.05996864e+02,
       -1.25555201e+01, -1.73183498e+01, 9.96448441e+01, -1.86507416e+01,
       -1.32322416e+01, 9.51116867e+01, -2.27941189e+01, -3.95734177e+01,
       9.20182877e+01, -1.37896366e+01, -3.46824722e+01, 1.00999992e+02,
       -6.03574705e+00, -3.27067337e+01, 1.04019646e+02, -1.18342555e+00,
       -3.30724144e+01, 1.04209740e+02, 3.38541293e+00, -3.28815117e+01,
       1.04034821e+02, 1.12191391e+01, -3.47332001e+01, 1.00816872e+02,
       1.98326244e+01, -3.97912178e+01, 9.26197968e+01, 7.72806501e+00,
       -3.75431900e+01, 1.00487770e+02, -1.55590916e+00, -3.73635445e+01,
       1.02166634e+02, -1.05898371e+01, -3.72247505e+01, 1.00212646e+02,
       -1.06059723e+01, -3.91548805e+01, 9.87789001e+01, -1.60034347e+00,
       -3.98758698e+01, 1.00960716e+02, 7.38897753e+00, -3.91103592e+01,
       9.94211578e+01, 1.22768631e+01, -4.29294205e+01, 9.64129028e+01,
       5.45744705e+00, -4.36631813e+01, 9.97193985e+01, -1.96246958e+00,
       -4.40211678e+01, 1.01090462e+02, -9.45577526e+00, -4.36064415e+01,
       9.94177246e+01, -1.61314507e+01, -4.30431595e+01, 9.52692108e+01 ]
# Extended face landmarks:
ExtPoint2f: !!opencv-matrix
   rows: 1
   cols: 14
   dt: "2f"
   data: [ 1.15882214e+03, 9.66716980e+02, 1.47647778e+03,
       7.42898804e+02, 2.60867407e+03, 7.42912292e+02, 2.93254834e+03,
       9.66770874e+02, 1.22665991e+03, 1.84428577e+03, 1.49759570e+03,
       1.99230493e+03, 1.76853137e+03, 2.08111646e+03, 2.03946692e+03,
       2.11072021e+03, 2.32784106e+03, 2.08090381e+03, 2.61621509e+03,
       1.99145398e+03, 2.90458887e+03, 1.84237146e+03, 1.98656018e+03,
       1.20874683e+03, 2048., 1.20960010e+03, 2.10944019e+03,
       1.21045349e+03 ]
