%YAML:1.0
---
# Ear tracker type: 0 (ET_32)
TrackerType: 0
ImageSize: [ 4096, 4096 ]
# Ear feature points in image space. Invalid points have zero coordinates
Point2f: !!opencv-matrix
   rows: 1
   cols: 32
   dt: "2f"
   data: [ 1.01970532e+03, 1.10375598e+03, 9.52632446e+02,
       1.02012415e+03, 8.75857544e+02, 1.01959583e+03, 8.41787231e+02,
       1.10345117e+03, 8.40172119e+02, 1.21127893e+03, 8.43051697e+02,
       1.32318896e+03, 8.51362793e+02, 1.43520532e+03, 8.80984375e+02,
       1.53917480e+03, 9.44263794e+02, 1.62479858e+03, 1.05338904e+03,
       1.62722498e+03, 1.00607422e+03, 1.47502051e+03, 9.74982056e+02,
       1.42315283e+03, 9.05789124e+02, 1.34803857e+03, 9.51305542e+02,
       1.27334399e+03, 9.92534912e+02, 1.25417651e+03, 1.01403345e+03,
       1.31296143e+03, 3.02025293e+03, 1.30641187e+03, 3.03682104e+03,
       1.19585803e+03, 3.12092261e+03, 1.13709863e+03, 3.21244531e+03,
       1.18262427e+03, 3.27060010e+03, 1.25498083e+03, 3.31180298e+03,
       1.33431372e+03, 3.32385547e+03, 1.41603772e+03, 3.32292676e+03,
       1.49735742e+03, 3.31401611e+03, 1.56818518e+03, 3.24404004e+03,
       1.59811816e+03, 3.18932788e+03, 1.52501172e+03, 3.20538110e+03,
       1.45909009e+03, 3.23121143e+03, 1.36030615e+03, 3.16424268e+03,
       1.31809753e+03, 3.11191309e+03, 1.33013965e+03, 3.12936963e+03,
       1.41774768e+03 ]
# Ear feature points in 3d object space. Invalid points have zero coordinates
Point3f: !!opencv-matrix
   rows: 1
   cols: 32
   dt: "3f"
   data: [ -8.41381760e+01, 4.32287140e+01, 4.74935484e+00,
       -8.95804901e+01, 5.53046265e+01, -3.12972832e+00, -1.00673401e+02,
       5.70109024e+01, -1.64546814e+01, -1.12622688e+02, 4.71405373e+01,
       -2.67801456e+01, -1.11725830e+02, 3.30360947e+01, -2.85546684e+01,
       -1.06741722e+02, 1.81541271e+01, -2.84129066e+01, -9.31262665e+01,
       2.86775565e+00, -2.50926094e+01, -8.12448959e+01, -1.16070948e+01,
       -1.96765556e+01, -7.02015762e+01, -2.39672585e+01,
       -1.16373034e+01, -6.83604736e+01, -2.57122974e+01,
       -4.99753542e-02, -7.23926239e+01, -5.17735863e+00,
       -2.64179492e+00, -7.26142349e+01, 2.03371167e+00, -5.26173639e+00,
       -9.37178040e+01, 1.32900629e+01, -1.56801119e+01, -8.98683395e+01,
       2.21964054e+01, -7.41334724e+00, -7.71800079e+01, 2.39324856e+01,
       -8.17576647e-01, -7.20615768e+01, 1.59202213e+01, 8.44682693e-01,
       1.18615318e+02, 1.54930964e+01, 1.14085846e+01, 1.20913727e+02,
       3.03133392e+01, 1.03023481e+01, 1.24179489e+02, 3.99360237e+01,
       -4.50335026e+00, 1.23184860e+02, 3.61262741e+01, -2.27240620e+01,
       1.18127930e+02, 2.78995857e+01, -3.39971008e+01, 1.13913040e+02,
       1.83421917e+01, -4.19791031e+01, 1.10516113e+02, 7.77686548e+00,
       -4.43389816e+01, -7.49438342e-08, -8.34286499e+00,
       -1.02438211e+00, 9.88067398e+01, -1.29231482e+01, -4.03410530e+01,
       1.13962921e+02, -1.77749310e+01, -3.32075043e+01, 1.18701202e+02,
       -9.32946014e+00, -2.29051037e+01, 1.20845650e+02, -2.79420286e-01,
       -2.52990074e+01, 1.22328804e+02, 1.33058767e+01, -2.90797501e+01,
       1.22107315e+02, 1.72336998e+01, -1.54088392e+01, 1.19954819e+02,
       1.44343014e+01, -5.63644505e+00, 1.22294899e+02, 3.38933539e+00,
       -1.04551592e+01 ]
