%YAML:1.0
---
# Face tracker type: 0(Unknown) 1(ASM)
TrackerType: 1
ImageSize: [ 4096, 4096 ]
# Face feature points in image space. Invalid points have zero coordinates
Point2f: !!opencv-matrix
   rows: 1
   cols: 77
   dt: "2f"
   data: [ 1.51253345e+03, 1.14757532e+03, 1.51040002e+03,
       1.31194751e+03, 1.53386670e+03, 1.46799683e+03, 1.58293347e+03,
       1.64277222e+03, 1.71733337e+03, 1.83419275e+03, 1.90506677e+03,
       1.99466675e+03, 2.05653345e+03, 1.98400012e+03, 2208.,
       1.99466675e+03, 2.39573340e+03, 1.83419275e+03, 2.53013354e+03,
       1.64277222e+03, 2.57920020e+03, 1.46799683e+03, 2.60266675e+03,
       1.31194751e+03, 2.60053345e+03, 1.14757532e+03, 2.29546680e+03,
       6.79427185e+02, 2.05653345e+03, 6.35733337e+02, 1.81760010e+03,
       6.79427185e+02, 1.85173340e+03, 9.89866699e+02, 1.74506677e+03,
       9.81333374e+02, 1.65546680e+03, 1.04960010e+03, 1.74506677e+03,
       1.03680005e+03, 1.84746680e+03, 1.04533337e+03, 1.94986682e+03,
       1.05386670e+03, 2.14186670e+03, 1.04960010e+03, 2.23573340e+03,
       9.85600037e+02, 2.34666675e+03, 9.77066711e+02, 2.45333350e+03,
       1.03253345e+03, 2.34666675e+03, 1.02826672e+03, 2.24426685e+03,
       1.04106677e+03, 2.29973340e+03, 1.09226672e+03, 1.82186682e+03,
       1.09653345e+03, 1.91573340e+03, 1.17333337e+03, 1.86880005e+03,
       1.14346667e+03, 1.82186682e+03, 1.12640002e+03, 1.77920007e+03,
       1.13920007e+03, 1.73653345e+03, 1.17333337e+03, 1.77920007e+03,
       1.19466675e+03, 1.82186682e+03, 1.20746667e+03, 1.86880005e+03,
       1.19893335e+03, 1.82400012e+03, 1.16960010e+03, 2.29973340e+03,
       1.16640002e+03, 2.20586670e+03, 1.16906677e+03, 2.25280005e+03,
       1.13493335e+03, 2.29973340e+03, 1.12640002e+03, 2.34666675e+03,
       1.13920007e+03, 2.39360010e+03, 1.16480005e+03, 2.34666675e+03,
       1.19466675e+03, 2.29973340e+03, 1.20746667e+03, 2.25280005e+03,
       1.19466675e+03, 2.10035693e+03, 1.30224463e+03, 2.05069604e+03,
       1.29737451e+03, 1.99312317e+03, 1.31142114e+03, 1.99375208e+03,
       1.44860791e+03, 2.04691785e+03, 1.38638354e+03, 2.09807251e+03,
       1.43125232e+03, 2.17733691e+03, 1.44982825e+03, 2.12565015e+03,
       1.47287817e+03, 2.04829346e+03, 1.49054333e+03, 1.97270203e+03,
       1.47753271e+03, 1.92093555e+03, 1.45166565e+03, 1.91776941e+03,
       1.65203467e+03, 1.97456897e+03, 1.61284277e+03, 2.01964441e+03,
       1.59770959e+03, 2.05008765e+03, 1.59933386e+03, 2.08037256e+03,
       1.59832446e+03, 2.13028101e+03, 1.61190271e+03, 2.19365601e+03,
       1.65155530e+03, 2.10848340e+03, 1.63703442e+03, 2.04938916e+03,
       1.64036047e+03, 1.99595630e+03, 1.63912097e+03, 1.99291638e+03,
       1.65762109e+03, 2.04889990e+03, 1.66555835e+03, 2.10732227e+03,
       1.65727576e+03, 2.14838525e+03, 1.69414844e+03, 2.09813477e+03,
       1.70604578e+03, 2.04831982e+03, 1.71304541e+03, 1.99980518e+03,
       1.70658606e+03, 1.95481311e+03, 1.69341895e+03 ]
# Face feature points in 3d object space. Invalid points have zero coordinates
Point3f: !!opencv-matrix
   rows: 1
   cols: 77
   dt: "3f"
   data: [ -5.96512680e+01, 3.06630058e+01, 5.96859856e+01,
       -6.19915009e+01, 8.93497658e+00, 5.88317680e+01, -6.13787575e+01,
       -1.19323339e+01, 5.99711685e+01, -5.83472633e+01, -3.55869827e+01,
       6.35541229e+01, -4.39421577e+01, -6.20550957e+01, 7.20446014e+01,
       -2.03627491e+01, -8.45536728e+01, 8.16830444e+01, 1.30531430e+00,
       -8.41734161e+01, 9.01250763e+01, 2.26773396e+01, -8.44506149e+01,
       8.08436661e+01, 4.62969170e+01, -6.19735184e+01, 7.13802719e+01,
       6.08402100e+01, -3.54979591e+01, 6.28290939e+01, 6.57262192e+01,
       -1.20524912e+01, 6.09497757e+01, 6.61769409e+01, 8.84585857e+00,
       5.95576019e+01, 6.34302635e+01, 3.06031780e+01, 6.01732254e+01,
       2.81343002e+01, 9.20475464e+01, 8.23507690e+01, 1.15843534e+00,
       1.00032722e+02, 1.01438614e+02, -3.05876560e+01, 9.23309784e+01,
       9.48710175e+01, -2.74805069e+01, 4.72783051e+01, 9.49713821e+01,
       -4.08174133e+01, 4.92577362e+01, 8.80813293e+01, -5.08066254e+01,
       4.12385483e+01, 7.95427475e+01, -4.11580048e+01, 4.19169464e+01,
       8.78644943e+01, -2.74232903e+01, 4.02863655e+01, 9.19133148e+01,
       -1.35764713e+01, 3.87812767e+01, 9.49401321e+01, 1.32171059e+01,
       3.91384163e+01, 9.66469650e+01, 2.67854862e+01, 4.76020584e+01,
       9.69501724e+01, 4.17033997e+01, 4.94328423e+01, 9.12707901e+01,
       5.42927780e+01, 4.32473793e+01, 8.16445007e+01, 4.22297249e+01,
       4.26030922e+01, 9.15074921e+01, 2.76436405e+01, 4.05145912e+01,
       9.46700974e+01, 3.43899498e+01, 3.43560944e+01, 8.94399567e+01,
       -3.03082390e+01, 3.38887367e+01, 8.86305542e+01, -1.61708050e+01,
       2.44773388e+01, 8.21995926e+01, -2.28009987e+01, 2.81122131e+01,
       8.49051132e+01, -2.99852676e+01, 3.00894814e+01, 8.72639389e+01,
       -3.55985031e+01, 2.86048470e+01, 8.55084000e+01, -3.98887062e+01,
       2.46684837e+01, 8.06428452e+01, -3.38752823e+01, 2.18269691e+01,
       8.07069931e+01, -2.82922249e+01, 2.00524044e+01, 8.13130112e+01,
       -2.20273933e+01, 2.11885052e+01, 8.12914124e+01, -2.85109730e+01,
       2.48343430e+01, 8.33305435e+01, 3.25983849e+01, 2.51586189e+01,
       8.48624115e+01, 1.92156887e+01, 2.51015511e+01, 8.24423294e+01,
       2.65074787e+01, 2.91392040e+01, 8.57721481e+01, 3.37534447e+01,
       3.00804310e+01, 8.73376465e+01, 3.95759926e+01, 2.87429008e+01,
       8.43840485e+01, 4.45332451e+01, 2.59135971e+01, 7.97334137e+01,
       3.84083481e+01, 2.17734604e+01, 8.11427917e+01, 3.18740692e+01,
       2.00359421e+01, 8.14470673e+01, 2.53208523e+01, 2.17679596e+01,
       8.11875916e+01, 8.61249352e+00, 4.14777040e+00, 1.08316818e+02,
       4.62417483e-01, 4.19945765e+00, 1.13164330e+02, -8.64180470e+00,
       3.50612950e+00, 1.03615677e+02, -9.11485767e+00, -1.52817869e+01,
       1.08224838e+02, -2.01293528e-01, -8.59943771e+00, 1.21114586e+02,
       9.08386421e+00, -1.40771570e+01, 1.17188881e+02, 1.95879383e+01,
       -1.39973097e+01, 9.64435196e+01, 1.24678888e+01, -1.78356037e+01,
       1.02768990e+02, 5.01256511e-02, -2.10201569e+01, 1.09595184e+02,
       -1.18153172e+01, -1.81595306e+01, 1.00371956e+02, -1.80241013e+01,
       -1.34903545e+01, 9.03270569e+01, -2.00171604e+01, -4.06313629e+01,
       9.46174469e+01, -1.18608360e+01, -3.62326508e+01, 1.01189896e+02,
       -4.66227150e+00, -3.45287514e+01, 1.03683426e+02, 3.44159663e-01,
       -3.47840500e+01, 1.04005600e+02, 5.31478643e+00, -3.45872002e+01,
       1.03494331e+02, 1.32126379e+01, -3.60211449e+01, 1.00484184e+02,
       2.24814110e+01, -4.05776711e+01, 9.46986542e+01, 9.80022240e+00,
       -3.94559441e+01, 1.01271423e+02, 2.27739453e-01, -4.00794220e+01,
       1.02751205e+02, -8.43747997e+00, -3.97457962e+01, 1.01374863e+02,
       -8.77640820e+00, -4.19418678e+01, 9.92473297e+01, 1.44816145e-01,
       -4.31378021e+01, 1.00401100e+02, 9.50811291e+00, -4.19671326e+01,
       9.98266678e+01, 1.54746332e+01, -4.62435226e+01, 9.47668839e+01,
       8.01490307e+00, -4.83262520e+01, 9.88590393e+01, 5.12874536e-02,
       -4.93077850e+01, 9.92809143e+01, -7.68170643e+00, -4.83609047e+01,
       9.85568390e+01, -1.43927841e+01, -4.61850433e+01, 9.50797119e+01 ]
# Extended face landmarks:
