%YAML:1.0
---
# Ear tracker type: 0 (ET_32)
TrackerType: 0
ImageSize: [ 4096, 4096 ]
# Ear feature points in image space. Invalid points have zero coordinates
Point2f: !!opencv-matrix
   rows: 1
   cols: 32
   dt: "2f"
   data: [ 9.93439575e+02, 1.16922314e+03, 9.03370361e+02,
       1.11039709e+03, 8.12144531e+02, 1.13063269e+03, 7.74896790e+02,
       1.20941943e+03, 7.77395142e+02, 1.30358630e+03, 8.07310242e+02,
       1.38994214e+03, 8.45930298e+02, 1.47252515e+03, 9.02943115e+02,
       1.53581616e+03, 9.67640503e+02, 1.57509424e+03, 1.04700854e+03,
       1.53596240e+03, 1.01462378e+03, 1.44566589e+03, 9.58164917e+02,
       1.41227344e+03, 8.84119873e+02, 1.36309717e+03, 9.13719116e+02,
       1.29036072e+03, 9.58061401e+02, 1.26444006e+03, 1.00028436e+03,
       1.32285437e+03, 3.07904395e+03, 1.13262500e+03, 3.17114893e+03,
       1.07836133e+03, 3.25666211e+03, 1.11108740e+03, 3.28856250e+03,
       1.19967578e+03, 3.27852100e+03, 1.29588965e+03, 3.24933374e+03,
       1.38364185e+03, 3.21034277e+03, 1.46482043e+03, 3.16499219e+03,
       1.53230762e+03, 3.10816846e+03, 1.57979639e+03, 3.02636914e+03,
       1.55387451e+03, 3.05449707e+03, 1.44306409e+03, 3.10082007e+03,
       1.40034192e+03, 3.17445361e+03, 1.34747144e+03, 3.14347583e+03,
       1.27324341e+03, 3.09976416e+03, 1.25347986e+03, 3.06456738e+03,
       1.31705188e+03 ]
# Ear feature points in 3d object space. Invalid points have zero coordinates
Point3f: !!opencv-matrix
   rows: 1
   cols: 32
   dt: "3f"
   data: [ -7.86834641e+01, 3.50444260e+01, 5.83875418e-01,
       -8.38634415e+01, 4.42052498e+01, -1.03881378e+01, -8.64452209e+01,
       4.31937981e+01, -2.40410042e+01, -8.87420959e+01, 3.36809883e+01,
       -3.17953243e+01, -8.85993271e+01, 2.13039570e+01, -3.28605042e+01,
       -8.87034378e+01, 9.44452763e+00, -2.96913185e+01, -8.69617004e+01,
       -2.12437105e+00, -2.48068409e+01, -8.56221848e+01,
       -1.14150152e+01, -1.76076641e+01, -7.99602432e+01,
       -1.76704102e+01, -9.15188694e+00, -7.16053772e+01,
       -1.37025757e+01, 8.64867568e-01, -7.36123886e+01, -1.44982028e+00,
       -1.24480176e+00, -7.37125015e+01, 3.70096755e+00, -7.07129002e+00,
       -7.74521255e+01, 1.12825642e+01, -1.56204624e+01, -7.34759445e+01,
       2.02727642e+01, -1.01548338e+01, -7.50245667e+01, 2.30631104e+01,
       -4.84001255e+00, -7.28217850e+01, 1.48144169e+01, -8.51286292e-01,
       8.31851425e+01, 3.94931030e+01, 3.94352555e+00, 8.94157486e+01,
       4.81543922e+01, -7.89561510e+00, 8.98985825e+01, 4.53910370e+01,
       -2.07923069e+01, 9.24434586e+01, 3.44963875e+01, -2.78957539e+01,
       9.39309616e+01, 2.17727528e+01, -2.83523331e+01, 9.32019730e+01,
       9.70553875e+00, -2.50014420e+01, 9.16077805e+01, -1.67987120e+00,
       -2.00922241e+01, 8.87394257e+01, -1.13629704e+01, -1.42360067e+01,
       8.54183655e+01, -1.85521183e+01, -7.05758476e+00, 7.49160995e+01,
       -1.63784180e+01, 3.28088188e+00, 7.75720291e+01, -1.49228525e+00,
       1.91563797e+00, 7.83333893e+01, 4.77424431e+00, -2.90514493e+00,
       8.85056000e+01, 1.29794598e+01, -1.25370159e+01, 8.05235596e+01,
       2.20634804e+01, -6.22185755e+00, 7.97975769e+01, 2.39837399e+01,
       -4.81312573e-01, 7.66550140e+01, 1.51441927e+01, 2.74004793e+00 ]
