%YAML:1.0
---
# Face tracker type: 0(Unknown) 1(ASM)
TrackerType: 1
ImageSize: [ 4096, 4096 ]
# Face feature points in image space. Invalid points have zero coordinates
Point2f: !!opencv-matrix
   rows: 1
   cols: 77
   dt: "2f"
   data: [ 1.59786670e+03, 1.17333337e+03, 1.60426672e+03,
       1.33120007e+03, 1.62986670e+03, 1.47840002e+03, 1.68320007e+03,
       1.66613342e+03, 1.78346680e+03, 1.83040015e+03, 1.91146680e+03,
       2.00533350e+03, 2048., 1.98826672e+03, 2.18453345e+03,
       2.00533350e+03, 2.31253345e+03, 1.83040015e+03, 2.41280005e+03,
       1.66613342e+03, 2.46613354e+03, 1.47840002e+03, 2.49173340e+03,
       1.33120007e+03, 2.49813354e+03, 1.17333337e+03, 2.28480005e+03,
       6.93333374e+02, 2048., 6.44266724e+02, 1.81120007e+03,
       6.93333374e+02, 1.85600012e+03, 1.01120007e+03, 1.76213342e+03,
       1.00266675e+03, 1.67680005e+03, 1.05813342e+03, 1.76213342e+03,
       1.05386670e+03, 1.85173340e+03, 1.06240002e+03, 1.94133337e+03,
       1.06240002e+03, 2.14186670e+03, 1.06666675e+03, 2.23146680e+03,
       1.01120007e+03, 2.32960010e+03, 1.00266675e+03, 2.41066675e+03,
       1.06240002e+03, 2.32533350e+03, 1.05386670e+03, 2.23573340e+03,
       1.05813342e+03, 2.27413354e+03, 1.10080005e+03, 1.80480005e+03,
       1.10506677e+03, 1.89440015e+03, 1.18186670e+03, 1.84746680e+03,
       1.14346667e+03, 1.80480005e+03, 1.13493335e+03, 1.76213342e+03,
       1.14773340e+03, 1.72373340e+03, 1.17760010e+03, 1.76640015e+03,
       1.20320007e+03, 1.80480005e+03, 1.21600012e+03, 1.85173340e+03,
       1.20320007e+03, 1.80693347e+03, 1.17600012e+03, 2.27573340e+03,
       1.17173340e+03, 2.18880005e+03, 1.17760010e+03, 2.23146680e+03,
       1.14346667e+03, 2.27840015e+03, 1.12640002e+03, 2.31680005e+03,
       1.13920007e+03, 2.35946680e+03, 1.17333337e+03, 2.31680005e+03,
       1.19893335e+03, 2.27840015e+03, 1.21173340e+03, 2.23573340e+03,
       1.20320007e+03, 2.08918750e+03, 1.31328882e+03, 2.04075049e+03,
       1.30981201e+03, 1.98517383e+03, 1.32703870e+03, 1.99106409e+03,
       1.45101050e+03, 2.04083301e+03, 1.38902234e+03, 2.08848193e+03,
       1.43439612e+03, 2.13919653e+03, 1.41133142e+03, 2.11894482e+03,
       1.47743335e+03, 2.04199756e+03, 1.48563550e+03, 1.96287195e+03,
       1.48627686e+03, 1.92474121e+03, 1.43492432e+03, 1.91828040e+03,
       1.66415247e+03, 1.97040723e+03, 1.61656482e+03, 2.01559558e+03,
       1.59734619e+03, 2.04480530e+03, 1.60311218e+03, 2.07404102e+03,
       1.59916138e+03, 2.11613257e+03, 1.61894604e+03, 2.16830371e+03,
       1.66645020e+03, 2.09878979e+03, 1.64786475e+03, 2.04354602e+03,
       1.64513428e+03, 1.98999170e+03, 1.64787512e+03, 1.98976465e+03,
       1.65369238e+03, 2.04194727e+03, 1.65895557e+03, 2.09731567e+03,
       1.65342126e+03, 2.13158398e+03, 1.69700623e+03, 2.08894727e+03,
       1.70658301e+03, 2.04240356e+03, 1.71192822e+03, 1.99557971e+03,
       1.70595740e+03, 1.95243591e+03, 1.69358337e+03 ]
# Face feature points in 3d object space. Invalid points have zero coordinates
Point3f: !!opencv-matrix
   rows: 1
   cols: 77
   dt: "3f"
   data: [ -5.36541023e+01, 2.61421585e+01, 6.86407394e+01,
       -5.57200317e+01, 5.01370859e+00, 6.99408569e+01, -5.41603432e+01,
       -1.47013493e+01, 7.12690659e+01, -4.95595818e+01, -4.00700340e+01,
       7.47939453e+01, -3.69795876e+01, -6.24121704e+01, 7.90554962e+01,
       -1.95312061e+01, -8.60114136e+01, 8.20163727e+01, 2.87335070e-07,
       -8.47193375e+01, 8.99558105e+01, 1.96434975e+01, -8.60757828e+01,
       8.25406265e+01, 3.69124985e+01, -6.23931351e+01, 7.89004822e+01,
       4.92782516e+01, -4.00152931e+01, 7.43481293e+01, 5.43817520e+01,
       -1.47374763e+01, 7.15633163e+01, 5.65003853e+01, 4.89626694e+00,
       7.08973312e+01, 5.40171738e+01, 2.60886078e+01, 6.90768661e+01,
       3.09273186e+01, 8.96982422e+01, 9.29878540e+01, -1.58148428e-08,
       9.82532806e+01, 1.00562241e+02, -3.12274303e+01, 8.96961594e+01,
       9.37830887e+01, -2.70574169e+01, 4.44020996e+01, 9.53181534e+01,
       -3.93301735e+01, 4.61683617e+01, 9.01642761e+01, -4.94551582e+01,
       3.97158165e+01, 8.27132568e+01, -3.93429108e+01, 3.94653740e+01,
       8.93686066e+01, -2.69200439e+01, 3.80070572e+01, 9.20144806e+01,
       -1.47990541e+01, 3.76487808e+01, 9.49323883e+01, 1.31152267e+01,
       3.69908257e+01, 9.56753311e+01, 2.61847477e+01, 4.42345963e+01,
       9.66823349e+01, 3.93037758e+01, 4.59988708e+01, 9.15447006e+01,
       4.90469437e+01, 3.89604149e+01, 8.42499619e+01, 3.87986221e+01,
       3.92536354e+01, 9.10931015e+01, 2.62714214e+01, 3.83223343e+01,
       9.40622635e+01, 3.04374790e+01, 3.32868958e+01, 8.89167099e+01,
       -3.26711349e+01, 3.28167038e+01, 8.81303787e+01, -1.87736607e+01,
       2.34101868e+01, 8.16596603e+01, -2.56489658e+01, 2.81259384e+01,
       8.47933197e+01, -3.19677067e+01, 2.91275978e+01, 8.58666611e+01,
       -3.73897781e+01, 2.76901722e+01, 8.37267532e+01, -4.11263123e+01,
       2.42673931e+01, 7.92937546e+01, -3.55065155e+01, 2.07622395e+01,
       8.01473160e+01, -3.04988918e+01, 1.89770947e+01, 8.08393478e+01,
       -2.42155857e+01, 2.06443558e+01, 8.11074142e+01, -3.03557472e+01,
       2.41638870e+01, 8.18675766e+01, 2.82649651e+01, 2.47781696e+01,
       8.22765274e+01, 1.71282635e+01, 2.39480476e+01, 8.26907730e+01,
       2.28574963e+01, 2.83296356e+01, 8.31343536e+01, 3.01918240e+01,
       3.02245235e+01, 8.61641235e+01, 3.50855598e+01, 2.87477665e+01,
       8.43444214e+01, 3.95622559e+01, 2.47453232e+01, 8.00170288e+01,
       3.38352280e+01, 2.12798443e+01, 8.05474930e+01, 2.88108158e+01,
       1.95145836e+01, 8.10776138e+01, 2.31160088e+01, 2.06380901e+01,
       8.11584320e+01, 6.80510139e+00, 2.63424039e+00, 1.08696182e+02,
       -1.24314189e+00, 2.57513261e+00, 1.12938744e+02, -9.74855709e+00,
       1.65460443e+00, 1.01800346e+02, -9.73024273e+00, -1.58209352e+01,
       1.10016785e+02, -1.32869947e+00, -8.89511585e+00, 1.20668098e+02,
       7.39924192e+00, -1.46066456e+01, 1.18100372e+02, 1.51499176e+01,
       -1.01978283e+01, 1.07144424e+02, 1.14630432e+01, -1.85217342e+01,
       1.03429352e+02, -1.05380404e+00, -2.07563763e+01, 1.12756042e+02,
       -1.32036886e+01, -1.91452751e+01, 9.89409485e+01, -1.75396938e+01,
       -1.13434601e+01, 9.09523926e+01, -1.99831562e+01, -4.22452126e+01,
       9.46523514e+01, -1.25287724e+01, -3.67090034e+01, 1.01042938e+02,
       -5.32349730e+00, -3.44676781e+01, 1.03579155e+02, -5.27493060e-01,
       -3.52990875e+01, 1.04112877e+02, 4.28191566e+00, -3.47206497e+01,
       1.03675880e+02, 1.09926052e+01, -3.70244408e+01, 1.01035988e+02,
       1.85277710e+01, -4.25654221e+01, 9.47745514e+01, 8.22371292e+00,
       -4.08748856e+01, 1.01111748e+02, -7.29422331e-01, -4.06904106e+01,
       1.02563095e+02, -9.37806034e+00, -4.08485870e+01, 1.00886292e+02,
       -9.36025429e+00, -4.15353584e+01, 1.00186531e+02, -9.82222795e-01,
       -4.23805161e+01, 1.01376205e+02, 7.94466448e+00, -4.15385895e+01,
       1.00506210e+02, 1.30192366e+01, -4.67744446e+01, 9.59993973e+01,
       6.53634739e+00, -4.83859520e+01, 9.87640533e+01, -8.97196949e-01,
       -4.91562500e+01, 9.92553482e+01, -8.35381317e+00, -4.82723122e+01,
       9.85153503e+01, -1.48508320e+01, -4.62772255e+01, 9.56527405e+01 ]
# Extended face landmarks:
ExtPoint2f: !!opencv-matrix
   rows: 1
   cols: 14
   dt: "2f"
   data: [ 1.17361292e+03, 9.02191833e+02, 1.49240662e+03,
       7.45548096e+02, 2.59358545e+03, 7.42476990e+02, 2.90237109e+03,
       8.89907593e+02, 1.14613379e+03, 1.78888843e+03, 1.44675586e+03,
       1.97432080e+03, 1.74737793e+03, 2.08558032e+03, 2048.,
       2.12266675e+03, 2.33756494e+03, 2.08493872e+03, 2.62712988e+03,
       1.97175452e+03, 2.91669482e+03, 1.78311414e+03, 1.98826672e+03,
       1.21898682e+03, 2048., 1.21813342e+03, 2.10432007e+03,
       1.21728003e+03 ]
