%YAML:1.0
---
# Ear tracker type: 0 (ET_32)
TrackerType: 0
ImageSize: [ 4096, 4096 ]
# Ear feature points in image space. Invalid points have zero coordinates
Point2f: !!opencv-matrix
   rows: 1
   cols: 32
   dt: "2f"
   data: [ 9.60290405e+02, 1.18770239e+03, 8.34947876e+02,
       1.15950537e+03, 7.48868958e+02, 1.22396973e+03, 7.47784119e+02,
       1.33538635e+03, 7.95477478e+02, 1.43289185e+03, 8.49917786e+02,
       1.51350330e+03, 9.14906860e+02, 1.58258423e+03, 9.91818604e+02,
       1.63738391e+03, 1.08026025e+03, 1.66218835e+03, 1.16771680e+03,
       1.59094336e+03, 1.09531177e+03, 1.48775024e+03, 1.02269330e+03,
       1.48204260e+03, 9.23722107e+02, 1.45729053e+03, 9.26020752e+02,
       1.35371045e+03, 9.60451233e+02, 1.30495740e+03, 1.02258270e+03,
       1.34230811e+03, 3.13496484e+03, 1.23016846e+03, 3.28164258e+03,
       1.20371533e+03, 3.36812915e+03, 1.28632263e+03, 3.35085083e+03,
       1.40536597e+03, 3.28467651e+03, 1.50457654e+03, 3.21265039e+03,
       1.59301050e+03, 3.13479028e+03, 1.66828613e+03, 3.05259619e+03,
       1.71616309e+03, 2.95980493e+03, 1.72268408e+03, 2.89676245e+03,
       1.62047791e+03, 2.99482886e+03, 1.51877136e+03, 3.06941748e+03,
       1.52215662e+03, 3.17403052e+03, 1.50472681e+03, 3.17241040e+03,
       1.40402185e+03, 3.13863867e+03, 1.35657983e+03, 3.07083813e+03,
       1.36394751e+03 ]
# Ear feature points in 3d object space. Invalid points have zero coordinates
Point3f: !!opencv-matrix
   rows: 1
   cols: 32
   dt: "3f"
   data: [ -8.05239182e+01, 3.31386299e+01, -3.88506103e+00,
       -7.84801178e+01, 3.87203178e+01, -1.88412819e+01, -7.48503494e+01,
       3.15268173e+01, -2.99913521e+01, -7.50130920e+01, 1.69748001e+01,
       -3.20029678e+01, -7.64402084e+01, 3.49897242e+00, -2.77307186e+01,
       -7.72899170e+01, -7.87874508e+00, -2.22706032e+01,
       -7.71174164e+01, -1.79074574e+01, -1.53237934e+01,
       -7.03342133e+01, -2.62422962e+01, -6.72314882e+00,
       -7.23198395e+01, -3.06740608e+01, 2.53758454e+00, -7.50778427e+01,
       -2.26393471e+01, 1.41716194e+01, -7.28221130e+01, -8.06044960e+00,
       7.06836653e+00, -7.06198578e+01, -6.32161808e+00, -9.18810189e-01,
       -8.57652130e+01, -1.47938025e+00, -1.35793371e+01,
       -8.52875443e+01, 1.20278721e+01, -1.15361252e+01, -8.22277451e+01,
       1.78132820e+01, -5.91445112e+00, -7.67198181e+01, 1.19661722e+01,
       1.30121791e+00, 7.77757950e+01, 2.75380287e+01, -4.21092033e+00,
       7.47792740e+01, 3.31172714e+01, -2.10337009e+01, 7.47265396e+01,
       2.37187481e+01, -3.38518715e+01, 7.65499420e+01, 7.94766760e+00,
       -3.41855736e+01, 7.93514252e+01, -6.01568174e+00, -2.77872906e+01,
       7.96104202e+01, -1.87330189e+01, -1.98790874e+01, 6.70577316e+01,
       -2.99198589e+01, -1.02013645e+01, 6.20824928e+01, -3.71995621e+01,
       -2.70519114e+00, 6.63648529e+01, -3.92334633e+01, 6.80521631e+00,
       6.81995392e+01, -2.67431965e+01, 1.56449375e+01, 7.16251907e+01,
       -1.21831236e+01, 7.08682251e+00, 6.89294586e+01, -1.16212025e+01,
       -1.15179682e+00, 7.92987289e+01, -7.78215122e+00, -1.35631027e+01,
       8.06734772e+01, 5.39682722e+00, -1.19565830e+01, 7.75530396e+01,
       1.10478582e+01, -6.65862036e+00, 7.51698837e+01, 9.09792423e+00,
       1.25207460e+00 ]
