%YAML:1.0
---
# Face tracker type: 0(Unknown) 1(ASM)
TrackerType: 1
ImageSize: [ 4096, 4096 ]
# Face feature points in image space. Invalid points have zero coordinates
Point2f: !!opencv-matrix
   rows: 1
   cols: 77
   dt: "2f"
   data: [ 1.52149341e+03, 1.08066162e+03, 1.53002673e+03,
       1.22486426e+03, 1.55776013e+03, 1.36365918e+03, 1.61322681e+03,
       1.52768970e+03, 1.73909351e+03, 1.67549719e+03, 1.90549341e+03,
       1.81333337e+03, 2.05269336e+03, 1.79626672e+03, 2.19989331e+03,
       1.81333337e+03, 2.36629346e+03, 1.67549719e+03, 2.49215991e+03,
       1.52768970e+03, 2.54762671e+03, 1.36365918e+03, 2.57536011e+03,
       1.22486426e+03, 2.58389331e+03, 1.08066162e+03, 2.28095996e+03,
       6.93117371e+02, 2.05269336e+03, 6.57066711e+02, 1.82442688e+03,
       6.93117371e+02, 1.83466675e+03, 9.94133362e+02, 1.72800012e+03,
       9.89866699e+02, 1.64266675e+03, 1.06240002e+03, 1.73653345e+03,
       1.04533337e+03, 1.83466675e+03, 1.04960010e+03, 1.93706677e+03,
       1.05386670e+03, 2.14186670e+03, 1.05813342e+03, 2240.,
       9.98400024e+02, 2.35520020e+03, 9.89866699e+02, 2.45760010e+03,
       1.05386670e+03, 2.35520020e+03, 1.04533337e+03, 2.24853345e+03,
       1.04960010e+03, 2.28266675e+03, 1.09226672e+03, 1.81760010e+03,
       1.09226672e+03, 1.91573340e+03, 1.16906677e+03, 1.86880005e+03,
       1.13920007e+03, 1.82186682e+03, 1.12640002e+03, 1.77920007e+03,
       1.13920007e+03, 1.73653345e+03, 1.16906677e+03, 1.78346680e+03,
       1.19893335e+03, 1.82613342e+03, 1.20746667e+03, 1.86880005e+03,
       1.19466675e+03, 1.82506677e+03, 1168., 2.28586670e+03,
       1.16853345e+03, 2.19306689e+03, 1.17333337e+03, 2240.,
       1.13920007e+03, 2.28693335e+03, 1.12640002e+03, 2.32960010e+03,
       1.13493335e+03, 2.37653345e+03, 1.16906677e+03, 2.33386670e+03,
       1.19466675e+03, 2.28693335e+03, 1.21173340e+03, 2240.,
       1.19893335e+03, 2.10114185e+03, 1.32513782e+03, 2.05539429e+03,
       1.32374292e+03, 1.99616809e+03, 1.32298694e+03, 2.00154956e+03,
       1.46259082e+03, 2.05417578e+03, 1.41320056e+03, 2.09977783e+03,
       1.46267786e+03, 2.16703174e+03, 1.45906360e+03, 2.12399658e+03,
       1.49542969e+03, 2.05038452e+03, 1.51145618e+03, 1.97751294e+03,
       1.48950574e+03, 1.92892822e+03, 1.45710510e+03, 1.91047473e+03,
       1.67903174e+03, 1.97059583e+03, 1.64304089e+03, 2.01937390e+03,
       1.62389001e+03, 2.04825342e+03, 1.62895581e+03, 2.07883691e+03,
       1.62554956e+03, 2.12336694e+03, 1.64241931e+03, 2.17957397e+03,
       1.68565906e+03, 2.10177051e+03, 1.66889380e+03, 2.04744238e+03,
       1.66535547e+03, 1.99081958e+03, 1.66545691e+03, 1.98918152e+03,
       1.68933594e+03, 2.04482336e+03, 1.69840344e+03, 2.10206323e+03,
       1.68833618e+03, 2.13817773e+03, 1.72752576e+03, 2.09256885e+03,
       1.74054553e+03, 2.04421326e+03, 1.74660876e+03, 1.99475610e+03,
       1.73916638e+03, 1.94616223e+03, 1.72425708e+03 ]
# Face feature points in 3d object space. Invalid points have zero coordinates
Point3f: !!opencv-matrix
   rows: 1
   cols: 77
   dt: "3f"
   data: [ -6.04365196e+01, 3.91384964e+01, 6.30445862e+01,
       -6.09947815e+01, 2.00153389e+01, 6.27944221e+01, -6.13641548e+01,
       1.15688992e+00, 6.62386017e+01, -5.65629196e+01, -2.10678234e+01,
       6.97991943e+01, -4.35786972e+01, -4.20091591e+01, 8.04574051e+01,
       -2.13786049e+01, -6.14173126e+01, 8.94155426e+01, 7.43200719e-01,
       -6.00363617e+01, 9.66310196e+01, 2.23879433e+01, -6.11864853e+01,
       8.75356522e+01, 4.40706749e+01, -4.17647896e+01, 7.84671860e+01,
       5.66656952e+01, -2.08285103e+01, 6.78501434e+01, 6.14493446e+01,
       1.37338817e+00, 6.44753647e+01, 6.14166183e+01, 2.01735992e+01,
       6.15055046e+01, 6.14676666e+01, 3.92220497e+01, 6.23641014e+01,
       2.57896824e+01, 8.94866791e+01, 8.05758057e+01, 5.11221409e-01,
       9.45745850e+01, 8.31520538e+01, -2.49600925e+01, 8.94252777e+01,
       8.14080276e+01, -3.01799335e+01, 4.66705704e+01, 9.53053818e+01,
       -4.31940651e+01, 4.82156334e+01, 8.73374710e+01, -5.36986046e+01,
       3.94402809e+01, 8.03417664e+01, -4.35534096e+01, 4.05551643e+01,
       8.97241058e+01, -2.99452820e+01, 3.94968071e+01, 9.37280884e+01,
       -1.56275539e+01, 3.86056747e+01, 9.63702774e+01, 1.33304644e+01,
       3.79265289e+01, 9.72858429e+01, 2.78295918e+01, 4.57668152e+01,
       9.80502777e+01, 4.25888824e+01, 4.78774643e+01, 9.00916214e+01,
       5.49520416e+01, 4.04717560e+01, 8.11723175e+01, 4.34877853e+01,
       4.04044609e+01, 9.09514923e+01, 2.82983589e+01, 3.93923836e+01,
       9.45785522e+01, 3.21392937e+01, 3.42579041e+01, 9.02396851e+01,
       -3.17008438e+01, 3.41924706e+01, 9.07725525e+01, -1.66665058e+01,
       2.47419815e+01, 8.46597290e+01, -2.35040264e+01, 2.83667145e+01,
       8.74478531e+01, -3.07570000e+01, 2.98293152e+01, 8.93828354e+01,
       -3.64881630e+01, 2.83569717e+01, 8.75271835e+01, -4.09876595e+01,
       2.49681263e+01, 8.28179321e+01, -3.44690170e+01, 2.09294567e+01,
       8.34011917e+01, -2.85605011e+01, 1.97612247e+01, 8.36844864e+01,
       -2.26598492e+01, 2.14734993e+01, 8.35857773e+01, -2.87527885e+01,
       2.49106083e+01, 8.44404068e+01, 3.10394726e+01, 2.47183285e+01,
       8.58389587e+01, 1.84018154e+01, 2.40879726e+01, 8.57803879e+01,
       2.51589737e+01, 2.84155788e+01, 8.70498734e+01, 3.25290604e+01,
       2.98707771e+01, 8.90451508e+01, 3.85669365e+01, 2.88861389e+01,
       8.78331985e+01, 4.34851761e+01, 2.50050774e+01, 8.25169907e+01,
       3.74280052e+01, 2.15388489e+01, 8.30535431e+01, 3.09343224e+01,
       1.92109299e+01, 8.35506592e+01, 2.44071350e+01, 2.09013424e+01,
       8.36301498e+01, 9.24861908e+00, 3.96680504e-01, 1.14101685e+02,
       1.31152499e+00, 2.84304261e-01, 1.16525764e+02, -8.05373478e+00,
       2.15556073e+00, 1.02103424e+02, -7.90962410e+00, -1.72988796e+01,
       1.09526268e+02, 1.18171024e+00, -1.25319643e+01, 1.24132416e+02,
       8.98398113e+00, -1.75606976e+01, 1.11564514e+02, 1.83613224e+01,
       -1.54505548e+01, 9.82886734e+01, 1.21361475e+01, -2.07201557e+01,
       1.01865929e+02, 4.07842487e-01, -2.37760696e+01, 1.09417274e+02,
       -1.13505325e+01, -2.00588074e+01, 1.02888115e+02, -1.76136150e+01,
       -1.46968012e+01, 9.42685013e+01, -2.11703186e+01, -4.41633835e+01,
       9.41784515e+01, -1.25920534e+01, -4.02695198e+01, 1.01399742e+02,
       -4.80021238e+00, -3.82136307e+01, 1.05372940e+02, 4.23785076e-02,
       -3.88503647e+01, 1.05078545e+02, 5.15366793e+00, -3.83849144e+01,
       1.04972588e+02, 1.23636465e+01, -4.02994423e+01, 1.02315903e+02,
       2.02028027e+01, -4.50154343e+01, 9.39485321e+01, 8.77366066e+00,
       -4.37226982e+01, 1.01556480e+02, -9.25923213e-02, -4.35195274e+01,
       1.03729454e+02, -9.30150700e+00, -4.32295723e+01, 1.01258224e+02,
       -9.41497421e+00, -4.61462097e+01, 9.91804428e+01, -5.17752767e-01,
       -4.75988503e+01, 1.01202255e+02, 8.66889286e+00, -4.60428543e+01,
       9.94201813e+01, 1.40151558e+01, -5.07296219e+01, 9.51962891e+01,
       7.19762182e+00, -5.29749832e+01, 9.93987350e+01, -6.19790018e-01,
       -5.39614525e+01, 1.00873856e+02, -8.62264538e+00, -5.28217926e+01,
       9.96430588e+01, -1.58523073e+01, -5.02994804e+01, 9.52291336e+01 ]
# Extended face landmarks:
ExtPoint2f: !!opencv-matrix
   rows: 1
   cols: 14
   dt: "2f"
   data: [ 1.14843701e+03, 9.24054260e+02, 1.48643188e+03,
       7.50851624e+02, 2.63056860e+03, 7.53985535e+02, 2.98017749e+03,
       9.36589966e+02, 1.22558752e+03, 1.75710156e+03, 1.50128955e+03,
       1.84214893e+03, 1.77699146e+03, 1.89317737e+03, 2.05269336e+03,
       1.91018677e+03, 2.31551538e+03, 1.89764160e+03, 2.57833740e+03,
       1.86000647e+03, 2.84115918e+03, 1.79728113e+03, 2.00960010e+03,
       1.21301343e+03, 2.06933350e+03, 1.21386670e+03, 2.11882690e+03,
       1.21472009e+03 ]
