%YAML:1.0
---
# Ear tracker type: 0 (ET_32)
TrackerType: 0
ImageSize: [ 4096, 4096 ]
# Ear feature points in image space. Invalid points have zero coordinates
Point2f: !!opencv-matrix
   rows: 1
   cols: 32
   dt: "2f"
   data: [ 1.03057007e+03, 1.24453186e+03, 9.19807312e+02,
       1.21792310e+03, 8.41910522e+02, 1.27012183e+03, 8.36806763e+02,
       1.35852673e+03, 8.69378662e+02, 1.44198511e+03, 9.18708191e+02,
       1.51492432e+03, 9.74769043e+02, 1.57968054e+03, 1.04222668e+03,
       1.62148743e+03, 1.11940857e+03, 1.64034155e+03, 1.19367566e+03,
       1.57564575e+03, 1.13157739e+03, 1.50024963e+03, 1.06820044e+03,
       1.49139062e+03, 9.80941650e+02, 1.47468445e+03, 9.82787964e+02,
       1.38656384e+03, 1.01867334e+03, 1.34407959e+03, 1.07952234e+03,
       1.37958496e+03, 3.06629980e+03, 1.20038623e+03, 3.17762280e+03,
       1.17188391e+03, 3.25187598e+03, 1.22806421e+03, 3.24998438e+03,
       1.32386047e+03, 3.20984131e+03, 1.40916895e+03, 3.15856006e+03,
       1.48265417e+03, 3.09886523e+03, 1.54549609e+03, 3.03347388e+03,
       1.59152368e+03, 2.95820361e+03, 1.61200793e+03, 2.87882617e+03,
       1.56610547e+03, 2.94819678e+03, 1.45729761e+03, 3.01300146e+03,
       1.45025195e+03, 3.10049902e+03, 1.42636353e+03, 3.10558350e+03,
       1.34325049e+03, 3.07043579e+03, 1.30452100e+03, 3.01090356e+03,
       1.34149023e+03 ]
# Ear feature points in 3d object space. Invalid points have zero coordinates
Point3f: !!opencv-matrix
   rows: 1
   cols: 32
   dt: "3f"
   data: [ -8.56256485e+01, 2.46350021e+01, 3.89427567e+00,
       -8.74509964e+01, 2.99400826e+01, -1.05271864e+01, -8.73000565e+01,
       2.44431801e+01, -2.22262058e+01, -8.69191284e+01, 1.29517641e+01,
       -2.42707863e+01, -8.81606674e+01, 1.50001407e+00, -2.12875214e+01,
       -8.89766693e+01, -8.87476921e+00, -1.56959553e+01,
       -8.49073029e+01, -1.83321877e+01, -8.72351646e+00,
       -7.80594788e+01, -2.48517227e+01, -8.51941347e-01,
       -7.03102036e+01, -2.83159008e+01, 6.96544266e+00, -7.19423904e+01,
       -2.09221230e+01, 1.67346973e+01, -7.46913300e+01, -1.02372246e+01,
       1.12752314e+01, -7.39297409e+01, -8.17391586e+00, 4.05440235e+00,
       -7.74507446e+01, -4.75168562e+00, -5.74504566e+00,
       -7.88222275e+01, 6.76292467e+00, -4.19675016e+00, -8.12972870e+01,
       1.17950010e+01, 7.78948247e-01, -7.83848343e+01, 6.25247478e+00,
       7.51019907e+00, 8.43567734e+01, 3.04268894e+01, 4.47912979e+00,
       8.84659729e+01, 3.60086823e+01, -1.01476183e+01, 8.95975723e+01,
       2.99867878e+01, -2.18780670e+01, 9.18663559e+01, 1.74947739e+01,
       -2.37692738e+01, 9.33046265e+01, 5.63770294e+00, -1.94864483e+01,
       9.07044830e+01, -4.94242954e+00, -1.28130083e+01, 8.55073395e+01,
       -1.42122831e+01, -5.29731750e+00, 7.63365021e+01, -2.12152672e+01,
       1.94562900e+00, 6.89657440e+01, -2.48275013e+01, 9.20545673e+00,
       7.20850754e+01, -2.00209465e+01, 1.97156258e+01, 7.56843491e+01,
       -4.87394953e+00, 1.40594673e+01, 7.50017929e+01, -3.00845766e+00,
       6.48816204e+00, 7.49583130e+01, 1.34652948e+00, -3.13833237e+00,
       7.81162262e+01, 1.23133898e+01, -2.54618454e+00, 8.02397690e+01,
       1.68669434e+01, 2.26500487e+00, 7.79762802e+01, 1.11596231e+01,
       8.75473976e+00 ]
