%YAML:1.0
---
# Face tracker type: 0(Unknown) 1(ASM)
TrackerType: 1
ImageSize: [ 4096, 4096 ]
# Face feature points in image space. Invalid points have zero coordinates
Point2f: !!opencv-matrix
   rows: 1
   cols: 77
   dt: "2f"
   data: [ 1.54453345e+03, 1.28424487e+03, 1.56373340e+03,
       1.47093701e+03, 1.59146680e+03, 1.63580786e+03, 1.65120007e+03,
       1.82734937e+03, 1.77280005e+03, 1.99949414e+03, 1.90720007e+03,
       2.16320020e+03, 2.03946680e+03, 2.15466675e+03, 2.17173340e+03,
       2.16320020e+03, 2.30613354e+03, 1.99949414e+03, 2.42773340e+03,
       1.82734937e+03, 2.48746680e+03, 1.63580786e+03, 2.51520020e+03,
       1.47093701e+03, 2.53440015e+03, 1.28424487e+03, 2.25920020e+03,
       7.82358154e+02, 2.03946680e+03, 7.33866699e+02, 1.81973340e+03,
       7.82358154e+02, 1.86026672e+03, 1.05813342e+03, 1.76640015e+03,
       1.04960010e+03, 1.68533337e+03, 1.10506677e+03, 1.77066675e+03,
       1.10080005e+03, 1.85600012e+03, 1.10506677e+03, 1.94560010e+03,
       1.10933337e+03, 2.14186670e+03, 1.09653345e+03, 2.23146680e+03,
       1.04533337e+03, 2.32533350e+03, 1.04106677e+03, 2.40213354e+03,
       1.09653345e+03, 2.32106689e+03, 1088., 2.23573340e+03,
       1.09226672e+03, 2.26133350e+03, 1.16053345e+03, 1.81760010e+03,
       1.17333337e+03, 1.89866675e+03, 1.23306677e+03, 1.86026672e+03,
       1.21173340e+03, 1.81760010e+03, 1.19893335e+03, 1.77920007e+03,
       1.20746667e+03, 1.74080005e+03, 1.23306677e+03, 1.77920007e+03,
       1.25440002e+03, 1.81760010e+03, 1.26293335e+03, 1.86026672e+03,
       1.25440002e+03, 1.81920007e+03, 1.23200012e+03, 2.25760010e+03,
       1.22240002e+03, 2176., 1.22453345e+03, 2.21866675e+03,
       1.19893335e+03, 2.26133350e+03, 1.19040002e+03, 2.29973340e+03,
       1.19893335e+03, 2.33386670e+03, 1.22026672e+03, 2.29546680e+03,
       1.24586670e+03, 2.25706689e+03, 1.25440002e+03, 2.21866675e+03,
       1.24586670e+03, 2.08404077e+03, 1.39207275e+03, 2.03891980e+03,
       1.39790698e+03, 1.99589697e+03, 1.38949329e+03, 1.98941882e+03,
       1.50942224e+03, 2.03817371e+03, 1.48488660e+03, 2.09102783e+03,
       1.50794739e+03, 2.15759912e+03, 1.46908423e+03, 2.12038208e+03,
       1.52247900e+03, 2.04098950e+03, 1.54969861e+03, 1.96191138e+03,
       1.52484900e+03, 1.92918738e+03, 1.47480237e+03, 1.92657788e+03,
       1.68008850e+03, 1.97604565e+03, 1.64489514e+03, 2.01673816e+03,
       1.63207434e+03, 2.04238818e+03, 1.63477771e+03, 2.06977637e+03,
       1.63244348e+03, 2.11040503e+03, 1.64615686e+03, 2.16194458e+03,
       1.67976758e+03, 2.09396851e+03, 1.68176770e+03, 2.04428906e+03,
       1.68203333e+03, 1.99463977e+03, 1.68076379e+03, 1.99270801e+03,
       1.68790613e+03, 2.04258826e+03, 1.70105750e+03, 2.09246729e+03,
       1.69128442e+03, 2.13376465e+03, 1.72652539e+03, 2.09045850e+03,
       1.75188184e+03, 2.04423303e+03, 1.75891418e+03, 1.99978931e+03,
       1.75120996e+03, 1.95748413e+03, 1.72518250e+03 ]
# Face feature points in 3d object space. Invalid points have zero coordinates
Point3f: !!opencv-matrix
   rows: 1
   cols: 77
   dt: "3f"
   data: [ -6.39245720e+01, 1.15464764e+01, 6.75309677e+01,
       -6.50082321e+01, -1.35126600e+01, 6.96613312e+01, -6.22158966e+01,
       -3.54557457e+01, 7.00193253e+01, -5.40453835e+01, -6.09736671e+01,
       7.06400833e+01, -3.94892006e+01, -8.47636948e+01, 7.81713333e+01,
       -1.85827293e+01, -1.05792336e+02, 7.23417664e+01, -1.22150207e+00,
       -1.05725800e+02, 8.10312576e+01, 1.62819595e+01, -1.05799011e+02,
       7.23961411e+01, 3.83275185e+01, -8.52221909e+01, 8.19055099e+01,
       5.39829254e+01, -6.15102310e+01, 7.50100708e+01, 6.07616272e+01,
       -3.57273102e+01, 7.22310257e+01, 6.31789284e+01, -1.37235203e+01,
       7.13786469e+01, 6.22528419e+01, 1.13363400e+01, 6.92423782e+01,
       2.73307762e+01, 7.62939148e+01, 9.13667374e+01, -1.06825411e+00,
       8.37221832e+01, 9.24978256e+01, -3.01197433e+01, 7.62703476e+01,
       9.24574585e+01, -2.86543083e+01, 3.73419571e+01, 1.02046791e+02,
       -4.15352135e+01, 3.92675781e+01, 9.55949707e+01, -5.15182991e+01,
       3.28929901e+01, 8.75090866e+01, -4.08043251e+01, 3.25727577e+01,
       9.47328644e+01, -2.84536858e+01, 3.15583782e+01, 9.83786011e+01,
       -1.55151520e+01, 3.04931564e+01, 1.02438683e+02, 1.42803860e+01,
       3.21033325e+01, 1.03171532e+02, 2.76206303e+01, 3.91628609e+01,
       1.01063515e+02, 4.02265892e+01, 4.05444565e+01, 9.44268570e+01,
       4.93026085e+01, 3.41557121e+01, 8.64562073e+01, 3.96405907e+01,
       3.43723488e+01, 9.39231644e+01, 2.77312584e+01, 3.32552719e+01,
       9.84054489e+01, 3.05078564e+01, 2.47788677e+01, 9.35905151e+01,
       -3.32791367e+01, 2.30632591e+01, 9.37163544e+01, -2.00939617e+01,
       1.57379189e+01, 8.87579346e+01, -2.58737984e+01, 1.83868752e+01,
       9.02620697e+01, -3.30230103e+01, 1.97980213e+01, 9.26159668e+01,
       -3.83636665e+01, 1.89015312e+01, 9.06861420e+01, -4.25616112e+01,
       1.60604477e+01, 8.61311493e+01, -3.70412025e+01, 1.31286068e+01,
       8.69312134e+01, -3.14620228e+01, 1.19390736e+01, 8.73879852e+01,
       -2.54364147e+01, 1.29837542e+01, 8.81109695e+01, -3.18233490e+01,
       1.57874317e+01, 8.95085602e+01, 2.85309277e+01, 1.69046230e+01,
       8.94714203e+01, 1.71658306e+01, 1.65391674e+01, 9.01398849e+01,
       2.32315979e+01, 2.01406403e+01, 8.98255768e+01, 3.01317711e+01,
       2.10057507e+01, 9.20110092e+01, 3.56139908e+01, 2.00315018e+01,
       9.07144318e+01, 3.95424881e+01, 1.76395378e+01, 8.71174393e+01,
       3.38133659e+01, 1.42366152e+01, 8.71384048e+01, 2.84783630e+01,
       1.30005665e+01, 8.79740067e+01, 2.30426598e+01, 1.40851974e+01,
       8.83716278e+01, 6.62428808e+00, -9.15340900e+00, 1.19471855e+02,
       -1.72600925e+00, -1.04300451e+01, 1.23557861e+02, -9.59356594e+00,
       -8.82555866e+00, 1.19592270e+02, -9.93616962e+00, -2.33605251e+01,
       1.08233093e+02, -1.90113020e+00, -2.20806484e+01, 1.24351601e+02,
       7.36266851e+00, -2.33032475e+01, 1.09362137e+02, 1.77723331e+01,
       -1.74044704e+01, 1.03361862e+02, 1.19657936e+01, -2.47097416e+01,
       1.05097038e+02, -1.21765661e+00, -2.89903412e+01, 1.10514160e+02,
       -1.41142292e+01, -2.48896580e+01, 1.03998596e+02, -1.93175125e+01,
       -1.81651630e+01, 1.03371468e+02, -1.94665546e+01, -4.48431549e+01,
       9.85715637e+01, -1.22401476e+01, -4.11083717e+01, 1.06225731e+02,
       -5.42978954e+00, -3.97592888e+01, 1.09107620e+02, -9.76962924e-01,
       -4.01552010e+01, 1.09407608e+02, 3.79003024e+00, -3.98413315e+01,
       1.09376518e+02, 1.07233496e+01, -4.14236870e+01, 1.07428841e+02,
       1.86438274e+01, -4.50783653e+01, 1.00834404e+02, 7.75583601e+00,
       -4.58555908e+01, 1.05000717e+02, -6.31238759e-01, -4.60221825e+01,
       1.06070145e+02, -8.94969940e+00, -4.56373405e+01, 1.04309227e+02,
       -9.24749947e+00, -4.65322151e+01, 1.03870964e+02, -9.16804552e-01,
       -4.84564819e+01, 1.05315857e+02, 7.48796177e+00, -4.70762711e+01,
       1.04647392e+02, 1.41414223e+01, -5.13542252e+01, 1.01365479e+02,
       7.13455534e+00, -5.49791985e+01, 1.03458466e+02, -6.32499635e-01,
       -5.59080162e+01, 1.03415550e+02, -8.07361698e+00, -5.48405457e+01,
       1.03056091e+02, -1.48216743e+01, -5.10799103e+01, 1.00584007e+02 ]
# Extended face landmarks:
