%YAML:1.0
---
# Ear tracker type: 0 (ET_32)
TrackerType: 0
ImageSize: [ 4096, 4096 ]
# Ear feature points in image space. Invalid points have zero coordinates
Point2f: !!opencv-matrix
   rows: 1
   cols: 32
   dt: "2f"
   data: [ 9.78228271e+02, 1.29259766e+03, 8.94196228e+02,
       1.26617981e+03, 8.30265747e+02, 1.29443726e+03, 8.15352417e+02,
       1.36758362e+03, 8.37051636e+02, 1.44718140e+03, 8.74439209e+02,
       1.51961877e+03, 9.16124268e+02, 1.59458826e+03, 9.66989014e+02,
       1.65628625e+03, 1.03438013e+03, 1.69892773e+03, 1.10665515e+03,
       1.66020654e+03, 1.05861963e+03, 1.57059497e+03, 1.00924933e+03,
       1.55129956e+03, 9.34649902e+02, 1.51894653e+03, 9.52981445e+02,
       1.44833984e+03, 9.83183105e+02, 1.41517029e+03, 1.01886206e+03,
       1.44682874e+03, 3.15419922e+03, 1.30141333e+03, 3.25971069e+03,
       1.28586328e+03, 3.32701172e+03, 1.33817090e+03, 3.33227344e+03,
       1.43256384e+03, 3.29412109e+03, 1.52503662e+03, 3.23526660e+03,
       1.60448425e+03, 3.16919629e+03, 1.67410352e+03, 3.09390259e+03,
       1.72508472e+03, 3.01663208e+03, 1.75185156e+03, 2.94158325e+03,
       1.70696143e+03, 3.01847827e+03, 1.59789905e+03, 3.07751587e+03,
       1.58480603e+03, 3.17160962e+03, 1.56586877e+03, 3.16803564e+03,
       1.47831238e+03, 3.13678491e+03, 1.43265735e+03, 3.07891357e+03,
       1.46988696e+03 ]
# Ear feature points in 3d object space. Invalid points have zero coordinates
Point3f: !!opencv-matrix
   rows: 1
   cols: 32
   dt: "3f"
   data: [ -8.78729553e+01, 2.60416374e+01, -3.02888584e+00,
       -9.16918106e+01, 3.10002384e+01, -1.48351374e+01, -9.50427704e+01,
       2.85950546e+01, -2.58147888e+01, -9.59277802e+01, 1.93512917e+01,
       -2.96587334e+01, -9.41896133e+01, 8.44585991e+00, -2.69484940e+01,
       -8.43406143e+01, -2.01756072e+00, -2.00921593e+01,
       -9.00922546e+01, -1.23943224e+01, -1.66808224e+01,
       -9.16782913e+01, -2.13217373e+01, -1.07164536e+01,
       -8.30494690e+01, -2.80422935e+01, -2.11071396e+00,
       -8.10838470e+01, -2.40739899e+01, 7.45789957e+00, -8.17845383e+01,
       -1.16181612e+01, 2.95345950e+00, -8.07593231e+01, -8.34076405e+00,
       -2.86549902e+00, -8.89677429e+01, -2.83453631e+00,
       -1.27111769e+01, -8.12852478e+01, 5.99259758e+00, -8.22147179e+00,
       -8.26377487e+01, 9.88085461e+00, -4.00659609e+00, -8.06374969e+01,
       5.18430042e+00, -3.78042669e-03, 7.60414734e+01, 2.53096790e+01,
       -6.60410547e+00, 7.64474869e+01, 2.89290524e+01, -1.92598953e+01,
       8.09548416e+01, 2.33941746e+01, -3.07671890e+01, 8.33454208e+01,
       1.12589550e+01, -3.40463181e+01, 8.10559616e+01, -1.62449253e+00,
       -2.91543045e+01, 8.10305557e+01, -1.29966335e+01, -2.24806099e+01,
       7.87168808e+01, -2.31917820e+01, -1.47606163e+01, 7.24790726e+01,
       -3.10069714e+01, -6.26155663e+00, 6.31614990e+01, -3.54617233e+01,
       1.06369400e+00, 6.92115097e+01, -3.06426716e+01, 1.03768978e+01,
       6.96844788e+01, -1.53600006e+01, 3.89116812e+00, 6.85575485e+01,
       -1.28772240e+01, -2.16556549e+00, 6.76030655e+01, -9.20115662e+00,
       -1.16187782e+01, 7.01815033e+01, 2.25630808e+00, -1.02155304e+01,
       7.27293701e+01, 7.84498215e+00, -6.34286976e+00, 7.03660431e+01,
       2.18055153e+00, -4.84147221e-01 ]
