%YAML:1.0
---
# Face tracker type: 0(Unknown) 1(ASM) 2(MT)
TrackerType: 1
ImageSize: [ 4096, 4096 ]
# Face feature points in image space. Invalid points have zero coordinates
Point2f: !!opencv-matrix
   rows: 1
   cols: 77
   dt: "2f"
   data: [ 1.45635571e+03, 1.16480005e+03, 1.46702234e+03,
       1.35253345e+03, 1.48622229e+03, 1.50186670e+03, 1.53315564e+03,
       1.65546680e+03, 1.66968896e+03, 1.91573340e+03, 1.83893347e+03,
       2.05653345e+03, 2.03946680e+03, 2.09066675e+03, 2.21866675e+03,
       2.07360010e+03, 2.47182251e+03, 1.95840015e+03, 2.60835596e+03,
       1.73226672e+03, 2.65528931e+03, 1.51893347e+03, 2.67448926e+03,
       1.36533337e+03, 2.68515576e+03, 1.20320007e+03, 2.43200024e+03,
       5.58933350e+02, 2.13760010e+03, 4.99200012e+02, 1.83466675e+03,
       5.54666687e+02, 1.81760010e+03, 9.94133362e+02, 1.68960010e+03,
       1.00266675e+03, 1.58720007e+03, 1088., 1.69813342e+03,
       1.06240002e+03, 1.81760010e+03, 1.05386670e+03, 1.94560010e+03,
       1.05386670e+03, 2.18026685e+03, 1.05813342e+03, 2.28693335e+03,
       9.98400024e+02, 2.40213354e+03, 9.98400024e+02, 2.50026685e+03,
       1.07093335e+03, 2.39360010e+03, 1.06240002e+03, 2.28693335e+03,
       1.05813342e+03, 2.37226685e+03, 1.09653345e+03, 1.77920007e+03,
       1.09226672e+03, 1.87733337e+03, 1.17333337e+03, 1.82613342e+03,
       1.13493335e+03, 1.77066675e+03, 1.11786670e+03, 1.71946680e+03,
       1.13066675e+03, 1.67253345e+03, 1.17333337e+03, 1.71946680e+03,
       1.19040002e+03, 1.77066675e+03, 1.19893335e+03, 1.82186682e+03,
       1.19466675e+03, 1.77920007e+03, 1.15626672e+03, 2.37653345e+03,
       1.16053345e+03, 2.25706689e+03, 1.17333337e+03, 2.31680005e+03,
       1.13493335e+03, 2.36800024e+03, 1.12213342e+03, 2.41493335e+03,
       1.14346667e+03, 2.46186670e+03, 1.17760010e+03, 2.41066675e+03,
       1.19893335e+03, 2.36373340e+03, 1.20320007e+03, 2.30826685e+03,
       1.19466675e+03, 2.15466675e+03, 1.29280005e+03, 2.06506689e+03,
       1.29706677e+03, 1.97546680e+03, 1.30133337e+03, 1.96693347e+03,
       1.45066675e+03, 2.07786670e+03, 1.39520007e+03, 2.17173340e+03,
       1.45493335e+03, 2.26986670e+03, 1.44640002e+03, 2.21013354e+03,
       1.48480005e+03, 2.06933350e+03, 1.51466675e+03, 1.92000012e+03,
       1.48480005e+03, 1.86026672e+03, 1.43786670e+03, 1.79626672e+03,
       1.68533337e+03, 1.90720007e+03, 1.62133337e+03, 2.01386682e+03,
       1.60426672e+03, 2.06933350e+03, 1.60426672e+03, 2.12480005e+03,
       1.60426672e+03, 2.22720020e+03, 1.62133337e+03, 2.32106689e+03,
       1.68960010e+03, 2.18026685e+03, 1.65546680e+03, 2.06506689e+03,
       1.65973340e+03, 1.94560010e+03, 1.65546680e+03, 1.94560010e+03,
       1.71946680e+03, 2.06506689e+03, 1.73226672e+03, 2.18026685e+03,
       1.72373340e+03, 2.24853345e+03, 1.76213342e+03, 2.15893335e+03,
       1.78773340e+03, 2.06080005e+03, 1.79626672e+03, 1.95840015e+03,
       1.78773340e+03, 1.86453345e+03, 1.75360010e+03 ]
# Face feature points in 3d object space. Invalid points have zero coordinates
Point3f: !!opencv-matrix
   rows: 1
   cols: 77
   dt: "3f"
   data: [ -6.83039017e+01, 3.61282997e+01, 5.30709381e+01,
       -7.04589081e+01, 1.11207695e+01, 5.36545563e+01, -7.15842743e+01,
       -8.78914738e+00, 5.42618752e+01, -7.26339798e+01, -2.97542992e+01,
       5.88477859e+01, -5.76122093e+01, -6.52780457e+01, 6.66139297e+01,
       -3.12713108e+01, -8.61480255e+01, 8.42714920e+01, -1.38618815e+00,
       -9.20463028e+01, 9.53842850e+01, 2.53953247e+01, -8.84585800e+01,
       8.46270370e+01, 4.65276375e+01, -7.06917801e+01, 6.45493393e+01,
       6.22890358e+01, -3.98347549e+01, 5.78657227e+01, 6.23761406e+01,
       -1.06505709e+01, 5.09595490e+01, 6.16990891e+01, 1.00010815e+01,
       4.89268913e+01, 6.06388893e+01, 3.14680729e+01, 4.94850502e+01,
       2.50634956e+01, 1.08386528e+02, 5.11000595e+01, 6.28380537e+00,
       1.14990822e+02, 5.98908272e+01, -1.64319801e+01, 1.10596313e+02,
       6.23500977e+01, -3.07836514e+01, 5.41744041e+01, 9.07211609e+01,
       -4.62829247e+01, 5.40224876e+01, 8.27271729e+01, -5.89763756e+01,
       4.36453781e+01, 7.49300156e+01, -4.67475281e+01, 4.58346481e+01,
       8.47933960e+01, -3.07421169e+01, 4.63718224e+01, 8.96496811e+01,
       -1.38413210e+01, 4.58769722e+01, 9.36799469e+01, 1.74987221e+01,
       4.56028595e+01, 9.12967758e+01, 3.10955887e+01, 5.39129639e+01,
       8.82348099e+01, 4.29601326e+01, 5.51147308e+01, 7.84471436e+01,
       5.35658035e+01, 4.64448814e+01, 7.05922699e+01, 4.42247925e+01,
       4.62149773e+01, 8.16958771e+01, 3.12496872e+01, 4.60477448e+01,
       8.76735229e+01, 4.14650955e+01, 4.16370773e+01, 8.20551147e+01,
       -3.51657104e+01, 4.17047043e+01, 8.61199493e+01, -2.07909336e+01,
       3.14384251e+01, 8.20356750e+01, -2.76792641e+01, 3.63936043e+01,
       8.32194061e+01, -3.57569389e+01, 3.85350113e+01, 8.42413940e+01,
       -4.27608261e+01, 3.70278091e+01, 8.26698074e+01, -4.77103806e+01,
       3.19411697e+01, 7.79411469e+01, -4.19785271e+01, 2.93843918e+01,
       8.03020706e+01, -3.52286720e+01, 2.80692673e+01, 8.17817078e+01,
       -2.79726696e+01, 2.86729355e+01, 8.14808197e+01, -3.37670975e+01,
       3.37197762e+01, 8.19180222e+01, 4.05539703e+01, 3.36073608e+01,
       7.82179565e+01, 2.54047871e+01, 3.15739212e+01, 8.09321594e+01,
       3.38913307e+01, 3.64766960e+01, 8.25426712e+01, 4.04505539e+01,
       3.83715096e+01, 8.09574127e+01, 4.52184944e+01, 3.60687561e+01,
       7.66338654e+01, 4.90170403e+01, 3.22264023e+01, 7.10025101e+01,
       4.36923332e+01, 2.89818668e+01, 7.43491821e+01, 3.90650597e+01,
       2.79376087e+01, 7.82383957e+01, 3.23649902e+01, 2.87542343e+01,
       8.08187103e+01, 1.40432196e+01, 1.48959856e+01, 8.75263062e+01,
       2.79517460e+00, 1.16949530e+01, 1.08980980e+02, -1.11779242e+01,
       1.19526749e+01, 1.02266457e+02, -1.39228668e+01, -8.96955490e+00,
       1.11118324e+02, 5.39235926e+00, -2.47120404e+00, 1.18196297e+02,
       1.79478874e+01, -7.33888865e+00, 9.32220459e+01, 3.16482277e+01,
       -5.72873402e+00, 8.93396225e+01, 2.29537945e+01, -1.08764591e+01,
       8.97240753e+01, 3.46069741e+00, -1.66531811e+01, 1.04462517e+02,
       -2.02874432e+01, -1.22914953e+01, 1.01248589e+02, -2.71319866e+01,
       -4.88318396e+00, 9.16843414e+01, -3.60169830e+01, -3.68984413e+01,
       8.47229385e+01, -2.17823830e+01, -2.98266487e+01, 9.63617935e+01,
       -5.43561220e+00, -2.81344204e+01, 1.01042091e+02, 3.35697794e+00,
       -2.79915180e+01, 9.98782272e+01, 1.16855679e+01, -2.75266838e+01,
       9.60924530e+01, 2.52086754e+01, -2.86207180e+01, 8.65402908e+01,
       3.75783997e+01, -3.69466362e+01, 8.04998245e+01, 1.86573772e+01,
       -3.32465248e+01, 8.72896500e+01, 2.59623003e+00, -3.48352661e+01,
       9.56133575e+01, -1.57482576e+01, -3.43116379e+01, 9.59643631e+01,
       -1.53493500e+01, -4.23793106e+01, 9.24362411e+01, 2.55539370e+00,
       -4.41364365e+01, 9.29001465e+01, 1.80568924e+01, -4.18237190e+01,
       8.32957077e+01, 2.71810780e+01, -4.65784454e+01, 8.04794540e+01,
       1.60695744e+01, -5.08987770e+01, 8.79721375e+01, 1.96925914e+00,
       -5.28393784e+01, 9.45458832e+01, -1.38697596e+01, -5.17221146e+01,
       9.46777191e+01, -2.71734791e+01, -4.64897652e+01, 8.89884186e+01 ]
