%YAML:1.0
---
# Ear tracker type: 0 (ET_32)
TrackerType: 0
ImageSize: [ 4096, 4096 ]
# Ear feature points in image space. Invalid points have zero coordinates
Point2f: !!opencv-matrix
   rows: 1
   cols: 32
   dt: "2f"
   data: [ 9.14153198e+02, 1.27170142e+03, 8.11932556e+02,
       1.24397192e+03, 7.30989868e+02, 1.27561438e+03, 7.09939331e+02,
       1.35574048e+03, 7.29485413e+02, 1.43850549e+03, 7.75588989e+02,
       1.51496289e+03, 8.31924072e+02, 1.58968396e+03, 9.12191345e+02,
       1.65248206e+03, 1.00238586e+03, 1.69044189e+03, 1.10812061e+03,
       1.64507129e+03, 1.03193201e+03, 1.54665601e+03, 9.54969727e+02,
       1.53361401e+03, 8.57909851e+02, 1.50939355e+03, 8.67116821e+02,
       1.41430615e+03, 9.10948975e+02, 1.36898792e+03, 9.77114502e+02,
       1.41131970e+03, 3.24479980e+03, 1.27843274e+03, 3.35534766e+03,
       1.25789038e+03, 3.43646826e+03, 1.30701831e+03, 3.44371631e+03,
       1.40117371e+03, 3.40861011e+03, 1.48940454e+03, 3.35509351e+03,
       1.56451453e+03, 3.28728467e+03, 1.63229395e+03, 3.20575269e+03,
       1.68028381e+03, 3.11960327e+03, 1.69813745e+03, 3.03287549e+03,
       1.64140625e+03, 3.11802881e+03, 1.54813318e+03, 3.19838354e+03,
       1.53910059e+03, 3.29436426e+03, 1.52217261e+03, 3.28306592e+03,
       1.43021423e+03, 3.24412744e+03, 1.38293103e+03, 3.17670728e+03,
       1.42105115e+03 ]
# Ear feature points in 3d object space. Invalid points have zero coordinates
Point3f: !!opencv-matrix
   rows: 1
   cols: 32
   dt: "3f"
   data: [ -8.86858902e+01, 2.30235825e+01, -1.23732538e+01,
       -9.18746948e+01, 2.85899944e+01, -2.77107430e+01, -9.14457016e+01,
       2.60490551e+01, -4.12466316e+01, -9.32172089e+01, 1.61279564e+01,
       -4.71247253e+01, -9.24592438e+01, 4.82589531e+00, -4.46104507e+01,
       -9.25394135e+01, -6.12829447e+00, -3.81058197e+01,
       -9.07147369e+01, -1.70690880e+01, -2.98320999e+01,
       -8.74084244e+01, -2.67962780e+01, -1.85442600e+01,
       -8.12053452e+01, -3.32803574e+01, -6.79994106e+00,
       -7.46045380e+01, -2.88514938e+01, 6.21089792e+00, -7.85241852e+01,
       -1.49101896e+01, -8.68081808e-01, -7.98104477e+01,
       -1.20533533e+01, -1.00266094e+01, -8.59721527e+01,
       -7.18911123e+00, -2.34413681e+01, -8.41140594e+01, 5.04036713e+00,
       -2.01787300e+01, -8.29961624e+01, 1.02265730e+01, -1.33926020e+01,
       -7.95338516e+01, 3.61377501e+00, -5.32938671e+00, 8.23400955e+01,
       2.30281696e+01, -1.96923466e+01, 8.37812119e+01, 2.77324524e+01,
       -3.57833214e+01, 8.21205368e+01, 2.28253956e+01, -4.89643402e+01,
       8.20324249e+01, 1.06539087e+01, -5.16909103e+01, 8.31535721e+01,
       -1.54890382e+00, -4.77534714e+01, 8.27531128e+01, -1.24532757e+01,
       -4.01971397e+01, 8.09744949e+01, -2.26169415e+01, -3.07431831e+01,
       7.89388275e+01, -3.02773933e+01, -2.02683125e+01, 7.29750061e+01,
       -3.39650116e+01, -9.54877949e+00, 6.92451019e+01, -2.76991997e+01,
       7.91037261e-01, 7.17807007e+01, -1.43683491e+01, -6.87902594e+00,
       7.18482971e+01, -1.20859489e+01, -1.56963205e+01, 8.08190536e+01,
       -8.09371376e+00, -2.98982258e+01, 7.81850586e+01, 3.64056993e+00,
       -2.59873619e+01, 7.67834167e+01, 9.16003704e+00, -1.97897511e+01,
       7.33535156e+01, 3.09039187e+00, -1.15941410e+01 ]
