%YAML:1.0
---
# Face tracker type: 0(Unknown) 1(ASM)
TrackerType: 1
ImageSize: [ 4096, 4096 ]
# Face feature points in image space. Invalid points have zero coordinates
Point2f: !!opencv-matrix
   rows: 1
   cols: 77
   dt: "2f"
   data: [ 1.42720007e+03, 1.14154663e+03, 1.40586670e+03,
       1.29888000e+03, 1.41013342e+03, 1.45201782e+03, 1.42933337e+03,
       1.63242676e+03, 1.58933337e+03, 1.88625793e+03, 1.85600012e+03,
       2.02666675e+03, 2.04373340e+03, 2.03520007e+03, 2.23146680e+03,
       2.02666675e+03, 2.49813354e+03, 1.88625793e+03, 2.65813354e+03,
       1.63242676e+03, 2.67733350e+03, 1.45201782e+03, 2.68160010e+03,
       1.29888000e+03, 2.66026685e+03, 1.14154663e+03, 2.31893335e+03,
       5.77244507e+02, 2.04373340e+03, 5.24800049e+02, 1.76853345e+03,
       5.77244507e+02, 1.77920007e+03, 9.51466736e+02, 1.63840015e+03,
       9.64266724e+02, 1.52320007e+03, 1.06240002e+03, 1.64693347e+03,
       1.02826672e+03, 1.77493347e+03, 1024., 1.90720007e+03,
       1.01546674e+03, 2.15466675e+03, 1.01973340e+03, 2.27840015e+03,
       9.51466736e+02, 2.40640015e+03, 9.60000061e+02, 2.50026685e+03,
       1.07520007e+03, 2.39360010e+03, 1.03253345e+03, 2.27840015e+03,
       1.02826672e+03, 2.29120020e+03, 1.06240002e+03, 1.74080005e+03,
       1.06240002e+03, 1.84320007e+03, 1.14346667e+03, 1.79200012e+03,
       1.10933337e+03, 1.73653345e+03, 1.09226672e+03, 1.68533337e+03,
       1.10933337e+03, 1.63413342e+03, 1.14773340e+03, 1.68960010e+03,
       1.16906677e+03, 1.74080005e+03, 1.18186670e+03, 1.79200012e+03,
       1.17333337e+03, 1.73920007e+03, 1.14080005e+03, 2.28640015e+03,
       1.14240002e+03, 2.18453345e+03, 1.14346667e+03, 2240.,
       1.10933337e+03, 2.28693335e+03, 1.09653345e+03, 2.33813354e+03,
       1.11360010e+03, 2.38506689e+03, 1152., 2.33386670e+03,
       1.17333337e+03, 2.28693335e+03, 1.18186670e+03, 2.23573340e+03,
       1.16906677e+03, 2.10117114e+03, 1.29564185e+03, 2.04446570e+03,
       1.28324036e+03, 1.98966833e+03, 1.30215479e+03, 2.00162305e+03,
       1.40427100e+03, 2.05645898e+03, 1.36994592e+03, 2.10507349e+03,
       1.40742993e+03, 2.15758472e+03, 1.39671924e+03, 2.12938574e+03,
       1.44930005e+03, 2.05610278e+03, 1.44159985e+03, 1.97530725e+03,
       1.43473364e+03, 1.93316248e+03, 1.39929065e+03, 1.91154077e+03,
       1.61443347e+03, 1.97834802e+03, 1.56918848e+03, 2.02727771e+03,
       1.55671716e+03, 2.06029688e+03, 1.56031152e+03, 2.08923730e+03,
       1.55383862e+03, 2.13619702e+03, 1.56938855e+03, 2.19602075e+03,
       1.61771912e+03, 2.11686670e+03, 1.60697412e+03, 2.05929004e+03,
       1.60433533e+03, 1.99759961e+03, 1.60353674e+03, 1.99519739e+03,
       1.61697668e+03, 2.06001660e+03, 1.63277380e+03, 2.11782202e+03,
       1.61992493e+03, 2.16055273e+03, 1.66653845e+03, 2.11482373e+03,
       1.68439062e+03, 2.06264795e+03, 1.69063318e+03, 2.00416443e+03,
       1.68291357e+03, 1.95128296e+03, 1.66732886e+03 ]
# Face feature points in 3d object space. Invalid points have zero coordinates
Point3f: !!opencv-matrix
   rows: 1
   cols: 77
   dt: "3f"
   data: [ -6.96039505e+01, 3.21795120e+01, 5.38567123e+01,
       -7.10040665e+01, 1.18875322e+01, 4.89214211e+01, -7.02628021e+01,
       -8.17219162e+00, 4.66331024e+01, -6.97097321e+01, -3.21049118e+01,
       4.63864365e+01, -5.90218086e+01, -6.77096481e+01, 6.17740822e+01,
       -2.92519684e+01, -8.93566895e+01, 8.61834259e+01, -6.92912638e-01,
       -9.16233673e+01, 9.54128265e+01, 2.68707523e+01, -8.89317093e+01,
       8.27222061e+01, 5.34948997e+01, -6.71228561e+01, 5.69950180e+01,
       6.30032082e+01, -3.16727886e+01, 4.28671036e+01, 6.42931671e+01,
       -7.83296633e+00, 4.38703156e+01, 6.43682556e+01, 1.22748823e+01,
       4.57667122e+01, 6.29933243e+01, 3.26000290e+01, 5.04318695e+01,
       2.54808712e+01, 1.06536995e+02, 7.12534714e+01, -4.16234493e-01,
       1.14291283e+02, 7.81057358e+01, -3.06702900e+01, 1.08738281e+02,
       8.09611053e+01, -3.73297386e+01, 5.26880188e+01, 9.24531021e+01,
       -5.37176743e+01, 5.24032440e+01, 8.09256439e+01, -6.53165283e+01,
       4.09192543e+01, 6.82965393e+01, -5.46498642e+01, 4.36152878e+01,
       8.32637939e+01, -3.77451439e+01, 4.32657700e+01, 9.07260437e+01,
       -1.98985863e+01, 4.36614342e+01, 9.67347488e+01, 1.51672163e+01,
       4.29601021e+01, 9.78311081e+01, 3.17735786e+01, 5.25925941e+01,
       9.32303085e+01, 4.64553795e+01, 5.27333946e+01, 8.28523865e+01,
       5.65328293e+01, 3.86139374e+01, 7.32249527e+01, 4.60552750e+01,
       4.29046326e+01, 8.44359818e+01, 3.11471062e+01, 4.27500114e+01,
       9.03108902e+01, 3.19495144e+01, 3.86244965e+01, 8.69858093e+01,
       -4.14856529e+01, 3.86501045e+01, 8.67772598e+01, -2.50489025e+01,
       2.85696583e+01, 8.11795044e+01, -3.34579964e+01, 3.25873756e+01,
       8.53826141e+01, -4.18383102e+01, 3.48174591e+01, 8.56824341e+01,
       -4.84660683e+01, 3.29328804e+01, 8.25687485e+01, -5.28541718e+01,
       2.86618214e+01, 7.58133163e+01, -4.67270317e+01, 2.53222961e+01,
       7.99334412e+01, -3.96379089e+01, 2.34594498e+01, 8.12584610e+01,
       -3.23022919e+01, 2.45527973e+01, 8.15850372e+01, -4.11835518e+01,
       2.85229416e+01, 8.44447556e+01, 3.08986397e+01, 2.83592052e+01,
       8.57415924e+01, 1.64836903e+01, 2.86046810e+01, 8.25884705e+01,
       2.43142452e+01, 3.26631165e+01, 8.47657928e+01, 3.10955849e+01,
       3.42340088e+01, 8.58185196e+01, 3.81217880e+01, 3.21327515e+01,
       8.44695206e+01, 4.34656944e+01, 2.75331039e+01, 8.03903656e+01,
       3.67613945e+01, 2.45036297e+01, 8.19854584e+01, 3.00921555e+01,
       2.33864517e+01, 8.18529587e+01, 2.29058380e+01, 2.51910210e+01,
       8.10026169e+01, 8.46015930e+00, 5.43943691e+00, 1.04939896e+02,
       -6.04056418e-01, 6.09656334e+00, 1.13003662e+02, -9.56780338e+00,
       4.20367908e+00, 1.07958649e+02, -8.39613056e+00, -1.05209942e+01,
       1.17414238e+02, 1.55395210e+00, -6.26450634e+00, 1.19880043e+02,
       1.00291119e+01, -1.05004416e+01, 1.13829475e+02, 1.65553589e+01,
       -7.06302929e+00, 9.74206161e+01, 1.27321720e+01, -1.44185543e+01,
       1.00445724e+02, 1.48428547e+00, -1.55993223e+01, 1.18392166e+02,
       -1.24286699e+01, -1.36753845e+01, 1.10150757e+02, -1.79191952e+01,
       -7.77880096e+00, 1.00468483e+02, -2.09088879e+01, -3.56574669e+01,
       9.47845459e+01, -1.10640650e+01, -3.03140450e+01, 1.00210976e+02,
       -3.30026412e+00, -2.87588062e+01, 1.01035828e+02, 1.94863820e+00,
       -2.91686897e+01, 1.00485863e+02, 6.55665541e+00, -2.83486309e+01,
       1.00809128e+02, 1.38737726e+01, -3.01893024e+01, 9.89786911e+01,
       2.18586712e+01, -3.56223640e+01, 9.09442596e+01, 1.07014885e+01,
       -3.49861336e+01, 9.73863907e+01, 1.77699387e+00, -3.48444061e+01,
       9.90867233e+01, -7.96460009e+00, -3.47663994e+01, 9.93152924e+01,
       -8.26977444e+00, -3.64108620e+01, 9.81692810e+01, 1.85871220e+00,
       -3.83497581e+01, 9.68712845e+01, 1.07339258e+01, -3.65479965e+01,
       9.60968170e+01, 1.64839439e+01, -4.20002594e+01, 9.00763168e+01,
       1.01702652e+01, -4.48657837e+01, 9.41019363e+01, 2.27688050e+00,
       -4.59807549e+01, 9.64295502e+01, -6.81329155e+00, -4.49531136e+01,
       9.64110565e+01, -1.46088953e+01, -4.24962234e+01, 9.32604599e+01 ]
# Extended face landmarks:
ExtPoint2f: !!opencv-matrix
   rows: 1
   cols: 14
   dt: "2f"
   data: [ 1.09341479e+03, 9.06172058e+02, 1.43097412e+03,
       6.59476379e+02, 2.68292285e+03, 6.59634460e+02, 3.04691211e+03,
       9.06804321e+02, 1.16993799e+03, 1.88917786e+03, 1.46120325e+03,
       2.05421240e+03, 1.75246826e+03, 2.15323340e+03, 2.04373340e+03,
       2.18624023e+03, 2.34356470e+03, 2.15372314e+03, 2.64339600e+03,
       2.05617188e+03, 2.94322754e+03, 1.89358655e+03, 1.96522693e+03,
       1.18613342e+03, 2.04373340e+03, 1.18613342e+03, 2.10005347e+03,
       1.18613342e+03 ]
